3 0.013158 0.952632 0.024211 0.012632
3 0.030526 0.860526 0.033684 0.015789
3 0.070000 0.857895 0.034737 0.014737
3 0.145789 0.859474 0.036842 0.015789
3 0.180526 0.857895 0.024211 0.012632
6 0.277368 0.862105 0.072632 0.023158
2 0.242632 0.903158 0.030526 0.016842
3 0.293158 0.901053 0.030526 0.014737
3 0.333684 0.911579 0.029474 0.012632
3 0.321053 0.951579 0.033684 0.016842
5 0.173684 0.949474 0.096842 0.021053
3 0.096316 0.952105 0.032632 0.013684
3 0.044737 0.953684 0.030526 0.014737
1 0.514737 0.929474 0.048421 0.021053
3 0.684737 0.908947 0.032632 0.015789
3 0.422632 0.804211 0.015789 0.033684
2 0.440000 0.803684 0.012632 0.032632
4 0.402105 0.800000 0.014737 0.033684
2 0.421053 0.756316 0.014737 0.034737
2 0.440526 0.758421 0.015789 0.034737
2 0.441579 0.721053 0.015789 0.033684
3 0.401579 0.754737 0.015789 0.031579
2 0.421579 0.716316 0.013684 0.032632
3 0.441579 0.682632 0.015789 0.034737
3 0.421053 0.680526 0.014737 0.024211
3 0.399474 0.616316 0.015789 0.034737
2 0.419474 0.577368 0.013684 0.034737
3 0.397895 0.567368 0.014737 0.031579
3 0.417895 0.532105 0.014737 0.034737
3 0.610526 0.952632 0.033684 0.016842
3 0.685263 0.955263 0.031579 0.015789
3 0.728421 0.955263 0.031579 0.015789
3 0.784737 0.907895 0.032632 0.015789
3 0.797368 0.953158 0.026316 0.015789
3 0.836842 0.953158 0.029474 0.015789
3 0.890526 0.938421 0.029474 0.013684
4 0.883684 0.896842 0.036842 0.014737
3 0.927895 0.824211 0.015789 0.031579
3 0.948421 0.780526 0.016842 0.032632
2 0.926316 0.784211 0.014737 0.031579
2 0.932105 0.740000 0.015789 0.033684
3 0.951579 0.738421 0.014737 0.034737
3 0.965789 0.710526 0.015789 0.033684
3 0.943684 0.692105 0.011579 0.032632
2 0.951579 0.646842 0.014737 0.034737
3 0.935263 0.650000 0.013684 0.032632
1 0.937895 0.597368 0.016842 0.038947
3 0.953684 0.573158 0.014737 0.032632
2 0.931579 0.550000 0.014737 0.034737
2 0.902105 0.531579 0.014737 0.029474
3 0.940526 0.513684 0.013684 0.029474
3 0.937895 0.469474 0.012632 0.031579
2 0.942632 0.428947 0.013684 0.030526
1 0.918947 0.394737 0.016842 0.044211
2 0.937895 0.362632 0.012632 0.036842
3 0.937895 0.320526 0.012632 0.032632
3 0.962632 0.306842 0.013684 0.032632
2 0.938421 0.276842 0.013684 0.033684
3 0.962105 0.265263 0.014737 0.031579
3 0.930000 0.236316 0.015789 0.034737
3 0.961053 0.188421 0.012632 0.031579
2 0.961053 0.154211 0.012632 0.030526
3 0.938421 0.104211 0.013684 0.033684
3 0.931579 0.068421 0.012632 0.033684
3 0.959474 0.046316 0.013684 0.029474
3 0.928947 0.019474 0.015789 0.030526
3 0.959474 0.084737 0.013684 0.032632
3 0.442105 0.474211 0.012632 0.030526
3 0.446316 0.265789 0.012632 0.028421
