3 0.174211 0.106842 0.013684 0.030526
3 0.204211 0.107368 0.014737 0.029474
3 0.190526 0.107895 0.010526 0.028421
3 0.402632 0.108421 0.013684 0.033684
3 0.418947 0.108947 0.016842 0.032632
3 0.420000 0.052105 0.031579 0.020000
3 0.648947 0.029474 0.011579 0.031579
3 0.529474 0.105789 0.012632 0.030526
3 0.450526 0.108947 0.014737 0.030526
3 0.482632 0.101579 0.013684 0.028421
3 0.487895 0.026316 0.013684 0.027368
3 0.331579 0.891579 0.014737 0.031579
3 0.398947 0.977895 0.014737 0.031579
3 0.599474 0.892105 0.013684 0.032632
3 0.728421 0.641579 0.029474 0.015789
3 0.728947 0.656842 0.030526 0.012632
3 0.798421 0.643158 0.032632 0.014737
3 0.731053 0.674211 0.028421 0.013684
3 0.728947 0.692105 0.030526 0.015789
3 0.727895 0.706842 0.028421 0.013684
3 0.728947 0.573684 0.034737 0.014737
3 0.777895 0.610526 0.014737 0.031579
3 0.729474 0.556316 0.031579 0.011579
3 0.803158 0.461053 0.031579 0.016842
3 0.801579 0.508947 0.030526 0.013684
3 0.802632 0.542105 0.028421 0.014737
3 0.801579 0.525789 0.026316 0.011579
3 0.800526 0.488947 0.028421 0.013684
3 0.728947 0.491053 0.032632 0.013684
3 0.897895 0.360526 0.014737 0.026316
3 0.724211 0.184211 0.033684 0.014737
3 0.775789 0.210000 0.018947 0.026316
3 0.794211 0.154211 0.030526 0.015789
3 0.892632 0.224211 0.016842 0.029474
3 0.724211 0.198947 0.029474 0.014737
3 0.584737 0.027895 0.013684 0.026316
3 0.600000 0.028947 0.012632 0.026316
3 0.268421 0.892632 0.012632 0.027368
3 0.251579 0.893158 0.014737 0.028421
3 0.416842 0.896316 0.014737 0.030526
3 0.582105 0.978947 0.012632 0.027368
3 0.483158 0.891053 0.014737 0.026316
3 0.466842 0.892632 0.015789 0.027368
1 0.348421 0.896316 0.016842 0.045263
1 0.899474 0.562632 0.017895 0.036842
1 0.731053 0.791579 0.032632 0.016842
2 0.985789 0.772105 0.024211 0.013684
1 0.616842 0.896316 0.016842 0.038947
2 0.398421 0.894737 0.015789 0.033684
2 0.365263 0.980000 0.014737 0.031579
3 0.315263 0.979474 0.015789 0.034737
2 0.282105 0.892632 0.012632 0.027368
2 0.564737 0.979474 0.015789 0.034737
2 0.531053 0.978947 0.015789 0.029474
2 0.515263 0.978947 0.013684 0.029474
2 0.481579 0.974737 0.013684 0.029474
2 0.729474 0.741053 0.031579 0.016842
2 0.803684 0.589474 0.028421 0.012632
2 0.729474 0.823684 0.027368 0.013684
2 0.805789 0.826316 0.028421 0.014737
2 0.881579 0.797895 0.015789 0.031579
2 0.806842 0.842105 0.028421 0.014737
2 0.879474 0.571053 0.015789 0.030526
2 0.727368 0.248421 0.031579 0.014737
2 0.724211 0.215789 0.029474 0.014737
2 0.725263 0.232105 0.031579 0.013684
3 0.725263 0.166842 0.033684 0.015789
2 0.623684 0.102632 0.015789 0.032632
2 0.563684 0.104737 0.015789 0.028421
2 0.553158 0.030526 0.015789 0.035789
2 0.616316 0.027895 0.013684 0.030526
2 0.455263 0.028947 0.013684 0.032632
2 0.437895 0.025789 0.012632 0.026316
2 0.370000 0.107368 0.011579 0.027368
2 0.338947 0.106316 0.012632 0.029474
2 0.726842 0.310000 0.026316 0.013684
2 0.800000 0.311053 0.029474 0.013684
2 0.728421 0.458947 0.029474 0.016842
2 0.910000 0.972632 0.013684 0.031579
3 0.907895 0.801053 0.015789 0.031579
3 0.806316 0.793158 0.025263 0.013684
3 0.729474 0.760526 0.029474 0.013684
3 0.730000 0.774737 0.030526 0.014737
2 0.639474 0.920000 0.034737 0.016842
3 0.233684 0.895263 0.012632 0.026316
3 0.382105 0.894211 0.016842 0.026316
2 0.247895 0.976316 0.015789 0.028421
3 0.299474 0.977368 0.013684 0.030526
3 0.381579 0.979474 0.015789 0.030526
3 0.565263 0.895789 0.014737 0.031579
2 0.613684 0.980000 0.014737 0.031579
3 0.676842 0.106316 0.014737 0.029474
3 0.513684 0.105263 0.014737 0.033684
3 0.502632 0.026316 0.013684 0.027368
3 0.467895 0.105263 0.013684 0.029474
2 0.155789 0.102105 0.014737 0.027368
3 0.365789 0.894737 0.015789 0.031579
3 0.264737 0.975789 0.013684 0.033684
3 0.733158 0.723684 0.030526 0.013684
3 0.724737 0.325263 0.028421 0.012632
3 0.725263 0.264737 0.031579 0.013684
