3 0.009474 0.113684 0.016842 0.040000
2 0.037895 0.110526 0.018947 0.046316
3 0.062632 0.105789 0.017895 0.038947
4 0.145789 0.117895 0.015789 0.048421
3 0.198947 0.109474 0.014737 0.040000
3 0.225789 0.108947 0.015789 0.043158
3 0.331579 0.111053 0.016842 0.045263
2 0.359474 0.103158 0.017895 0.042105
4 0.388421 0.109474 0.021053 0.048421
2 0.412632 0.113684 0.016842 0.044211
4 0.442632 0.112105 0.020000 0.049474
4 0.468947 0.111053 0.017895 0.047368
3 0.494737 0.107368 0.018947 0.040000
2 0.521579 0.110526 0.017895 0.042105
4 0.550000 0.111053 0.017895 0.047368
2 0.576316 0.115263 0.017895 0.043158
4 0.631579 0.112632 0.016842 0.044211
3 0.686316 0.107368 0.016842 0.042105
4 0.711579 0.110526 0.018947 0.046316
1 0.645263 0.008421 0.054737 0.014737
3 0.694211 0.006842 0.038947 0.011579
4 0.048421 0.218421 0.023158 0.053684
2 0.075263 0.222632 0.020000 0.053684
4 0.101053 0.220526 0.018947 0.051579
3 0.128947 0.220000 0.017895 0.048421
3 0.154737 0.220526 0.016842 0.049474
4 0.181579 0.214211 0.020000 0.057895
2 0.209474 0.220000 0.018947 0.048421
3 0.263684 0.220526 0.017895 0.049474
2 0.319474 0.222105 0.017895 0.042105
1 0.372632 0.218421 0.018947 0.060000
2 0.398947 0.224211 0.016842 0.042105
2 0.426316 0.221053 0.016842 0.042105
4 0.451579 0.218421 0.021053 0.055789
4 0.480000 0.218947 0.016842 0.052632
4 0.506842 0.220000 0.017895 0.052632
2 0.535789 0.225263 0.018947 0.040000
3 0.562105 0.225789 0.014737 0.041053
4 0.586842 0.213684 0.020000 0.052632
3 0.642105 0.220000 0.016842 0.033684
3 0.667895 0.224737 0.020000 0.041053
2 0.696316 0.222105 0.020000 0.048421
3 0.723158 0.221053 0.018947 0.040000
2 0.748947 0.216316 0.017895 0.043158
3 0.873684 0.113158 0.018947 0.041053
2 0.898947 0.113158 0.018947 0.041053
4 0.991053 0.215789 0.017895 0.046316
4 0.982632 0.271053 0.015789 0.047368
4 0.955263 0.274737 0.022105 0.046316
4 0.012632 0.278421 0.021053 0.051579
4 0.039474 0.276316 0.017895 0.049474
4 0.063158 0.277895 0.018947 0.048421
4 0.093158 0.278421 0.022105 0.053684
2 0.118947 0.278947 0.018947 0.050526
2 0.146842 0.277368 0.020000 0.051579
4 0.172632 0.276316 0.018947 0.045263
2 0.199474 0.271579 0.017895 0.044211
2 0.227368 0.271579 0.018947 0.042105
2 0.253684 0.270526 0.018947 0.040000
3 0.280000 0.276842 0.016842 0.044211
3 0.308947 0.276842 0.015789 0.046316
2 0.334211 0.274737 0.015789 0.044211
3 0.361053 0.273684 0.016842 0.044211
4 0.388947 0.277368 0.022105 0.051579
2 0.416316 0.276316 0.020000 0.051579
4 0.470526 0.277895 0.016842 0.046316
4 0.496842 0.283158 0.018947 0.052632
3 0.524211 0.271053 0.014737 0.038947
2 0.550000 0.275789 0.020000 0.048421
4 0.580526 0.272632 0.020000 0.050526
4 0.606316 0.276316 0.021053 0.051579
4 0.633158 0.276842 0.020000 0.054737
4 0.659474 0.278421 0.022105 0.055789
4 0.686842 0.276316 0.022105 0.051579
2 0.712105 0.274211 0.017895 0.047368
3 0.737895 0.277895 0.016842 0.044211
3 0.765263 0.271579 0.018947 0.042105
2 0.792632 0.275789 0.016842 0.042105
4 0.818947 0.276842 0.021053 0.048421
4 0.846842 0.274211 0.015789 0.049474
2 0.873158 0.270000 0.015789 0.038947
4 0.900526 0.273158 0.017895 0.051579
4 0.927368 0.272105 0.016842 0.053684
4 0.990000 0.385263 0.017895 0.050526
4 0.966316 0.384737 0.018947 0.049474
4 0.939474 0.384211 0.017895 0.048421
2 0.913684 0.383158 0.014737 0.042105
4 0.884211 0.382105 0.018947 0.054737
4 0.858947 0.386316 0.016842 0.050526
4 0.830526 0.385263 0.018947 0.052632
4 0.804211 0.386316 0.018947 0.052632
4 0.778421 0.384737 0.015789 0.047368
3 0.751579 0.385789 0.014737 0.036842
4 0.722632 0.382632 0.020000 0.051579
4 0.667368 0.381579 0.021053 0.053684
2 0.640526 0.385789 0.017895 0.043158
4 0.615263 0.383158 0.017895 0.046316
4 0.586842 0.386842 0.022105 0.053684
2 0.561579 0.386316 0.020000 0.044211
3 0.535263 0.392105 0.020000 0.043158
4 0.506316 0.388947 0.021053 0.053684
3 0.481053 0.390526 0.018947 0.046316
4 0.454211 0.387895 0.017895 0.049474
4 0.426842 0.387895 0.017895 0.051579
4 0.398947 0.386316 0.018947 0.054737
4 0.372105 0.390526 0.020000 0.050526
3 0.346842 0.393158 0.017895 0.049474
4 0.318421 0.387368 0.020000 0.052632
3 0.291053 0.389474 0.020000 0.048421
3 0.264737 0.386316 0.017895 0.048421
3 0.238421 0.388947 0.017895 0.049474
3 0.210526 0.388947 0.018947 0.049474
1 0.183684 0.389474 0.020000 0.054737
4 0.156842 0.388947 0.018947 0.051579
4 0.130526 0.384737 0.021053 0.053684
4 0.103684 0.387368 0.020000 0.054737
4 0.075789 0.387368 0.018947 0.052632
4 0.048947 0.384737 0.020000 0.055789
4 0.021579 0.386842 0.020000 0.055789
4 0.012105 0.446316 0.022105 0.054737
3 0.066316 0.440526 0.018947 0.047368
3 0.092105 0.442632 0.017895 0.047368
4 0.146842 0.446316 0.017895 0.052632
3 0.198947 0.449474 0.016842 0.044211
2 0.335263 0.448947 0.020000 0.045263
3 0.361579 0.438947 0.015789 0.037895
2 0.444737 0.444737 0.020000 0.045263
3 0.551579 0.446316 0.018947 0.046316
4 0.660000 0.440526 0.021053 0.049474
2 0.684211 0.441579 0.018947 0.043158
3 0.711053 0.442632 0.017895 0.043158
3 0.832632 0.555789 0.016842 0.044211
3 0.927368 0.602105 0.021053 0.042105
2 0.955263 0.606316 0.022105 0.048421
3 0.981053 0.606842 0.016842 0.045263
4 0.722632 0.548421 0.022105 0.054737
3 0.697368 0.551053 0.020000 0.045263
3 0.642105 0.556842 0.016842 0.044211
3 0.617368 0.558947 0.015789 0.044211
4 0.480526 0.554211 0.020000 0.055789
4 0.371579 0.554211 0.021053 0.053684
4 0.344737 0.556316 0.017895 0.051579
4 0.319474 0.555789 0.022105 0.052632
2 0.228947 0.609474 0.020000 0.044211
3 0.255789 0.606316 0.021053 0.048421
3 0.281053 0.604737 0.018947 0.045263
3 0.157368 0.553158 0.017895 0.043158
2 0.102632 0.563684 0.020000 0.047368
3 0.063684 0.607895 0.020000 0.045263
3 0.038421 0.606316 0.017895 0.042105
2 0.012632 0.608947 0.018947 0.043158
3 0.416842 0.611053 0.021053 0.051579
1 0.498947 0.610000 0.018947 0.055789
3 0.522632 0.603158 0.017895 0.042105
1 0.552105 0.603158 0.022105 0.054737
1 0.580000 0.611053 0.021053 0.051579
3 0.661053 0.608947 0.018947 0.043158
4 0.687368 0.612632 0.018947 0.050526
3 0.713158 0.611579 0.017895 0.042105
1 0.739474 0.617368 0.017895 0.049474
3 0.793158 0.605789 0.017895 0.041053
4 0.821053 0.614211 0.018947 0.049474
3 0.846842 0.611053 0.020000 0.045263
3 0.966842 0.718421 0.017895 0.043158
4 0.940000 0.722632 0.021053 0.051579
4 0.913158 0.720000 0.017895 0.052632
3 0.887895 0.724737 0.017895 0.041053
3 0.858421 0.723684 0.017895 0.041053
1 0.832105 0.720000 0.020000 0.054737
3 0.803684 0.726842 0.017895 0.041053
4 0.775789 0.720526 0.018947 0.053684
4 0.749474 0.719474 0.021053 0.053684
4 0.723158 0.719474 0.021053 0.053684
3 0.696842 0.720526 0.018947 0.047368
3 0.671053 0.722105 0.015789 0.042105
3 0.615263 0.722105 0.020000 0.046316
2 0.685789 0.775789 0.020000 0.050526
3 0.657368 0.773158 0.017895 0.045263
3 0.794211 0.771053 0.020000 0.045263
3 0.820526 0.773158 0.017895 0.043158
3 0.874737 0.773158 0.016842 0.043158
3 0.954737 0.775263 0.016842 0.045263
2 0.982632 0.774737 0.020000 0.044211
2 0.605263 0.777895 0.018947 0.044211
3 0.578947 0.775789 0.016842 0.040000
3 0.496316 0.775263 0.017895 0.043158
4 0.470526 0.772105 0.016842 0.043158
2 0.535789 0.726316 0.016842 0.046316
1 0.561053 0.721053 0.018947 0.050526
2 0.508947 0.725263 0.022105 0.042105
2 0.454737 0.726316 0.021053 0.046316
1 0.425789 0.726842 0.020000 0.047368
3 0.398947 0.727368 0.023158 0.048421
4 0.346842 0.719474 0.020000 0.055789
3 0.320000 0.725789 0.018947 0.045263
3 0.293684 0.732105 0.023158 0.047368
1 0.337368 0.778947 0.022105 0.054737
2 0.388421 0.782632 0.016842 0.045263
1 0.415789 0.778421 0.021053 0.049474
3 0.280000 0.776842 0.018947 0.044211
3 0.253684 0.774211 0.018947 0.047368
3 0.211053 0.724737 0.020000 0.043158
3 0.200526 0.776316 0.017895 0.041053
3 0.186316 0.724211 0.016842 0.048421
4 0.146316 0.780526 0.021053 0.053684
3 0.129474 0.724737 0.018947 0.051579
3 0.102105 0.723684 0.021053 0.051579
3 0.076316 0.721053 0.017895 0.046316
3 0.050526 0.726316 0.018947 0.044211
3 0.022632 0.726316 0.017895 0.044211
2 0.065263 0.781579 0.018947 0.049474
3 0.040000 0.782105 0.016842 0.048421
3 0.013684 0.774737 0.016842 0.040000
1 0.022632 0.888947 0.022105 0.047368
3 0.050000 0.890000 0.015789 0.047368
4 0.076842 0.886842 0.018947 0.053684
4 0.102632 0.887895 0.015789 0.053684
4 0.130526 0.890000 0.018947 0.049474
3 0.157895 0.892105 0.018947 0.047368
4 0.211053 0.888421 0.017895 0.048421
3 0.319474 0.890000 0.017895 0.041053
3 0.400526 0.885789 0.017895 0.043158
4 0.481053 0.890526 0.023158 0.052632
2 0.506316 0.890000 0.018947 0.041053
2 0.563158 0.893684 0.021053 0.042105
4 0.669474 0.884737 0.021053 0.051579
2 0.013684 0.945263 0.021053 0.046316
2 0.041053 0.943684 0.018947 0.043158
2 0.066842 0.938421 0.022105 0.047368
2 0.093684 0.938421 0.018947 0.045263
3 0.120000 0.938421 0.018947 0.047368
2 0.147368 0.941053 0.021053 0.046316
3 0.174737 0.932105 0.018947 0.045263
2 0.201579 0.940526 0.017895 0.047368
4 0.231053 0.947895 0.022105 0.055789
2 0.254211 0.943684 0.022105 0.049474
3 0.280526 0.941579 0.020000 0.047368
2 0.308421 0.941579 0.018947 0.047368
1 0.337368 0.944737 0.020000 0.060000
4 0.364211 0.945789 0.018947 0.053684
1 0.392105 0.945263 0.017895 0.050526
4 0.417368 0.948421 0.020000 0.048421
3 0.469474 0.940526 0.016842 0.045263
4 0.497895 0.942632 0.016842 0.045263
3 0.523158 0.937368 0.014737 0.041053
2 0.606842 0.940000 0.017895 0.042105
3 0.632632 0.942632 0.016842 0.041053
3 0.656842 0.938947 0.016842 0.044211
3 0.724211 0.893684 0.018947 0.042105
3 0.751053 0.890526 0.017895 0.044211
3 0.777368 0.891579 0.017895 0.044211
3 0.685263 0.944737 0.021053 0.045263
3 0.713684 0.941579 0.018947 0.041053
3 0.740000 0.944211 0.016842 0.042105
4 0.768421 0.945789 0.018947 0.060000
2 0.792632 0.948421 0.016842 0.042105
4 0.849474 0.944737 0.018947 0.045263
3 0.804737 0.886842 0.020000 0.043158
3 0.885263 0.891579 0.018947 0.044211
2 0.875263 0.940000 0.017895 0.044211
3 0.901053 0.947368 0.016842 0.042105
2 0.966842 0.885789 0.017895 0.045263
3 0.929474 0.944211 0.014737 0.044211
2 0.982105 0.948421 0.016842 0.042105
2 0.308947 0.780000 0.020000 0.044211
