3 0.522632 0.017895 0.047368 0.021053
3 0.571579 0.018421 0.046316 0.020000
3 0.621053 0.015263 0.046316 0.022105
3 0.727895 0.014211 0.045263 0.020000
2 0.476842 0.102632 0.018947 0.047368
4 0.503684 0.102105 0.015789 0.048421
4 0.532632 0.099474 0.016842 0.049474
1 0.558421 0.101579 0.020000 0.053684
4 0.584211 0.098947 0.018947 0.050526
3 0.611579 0.095789 0.016842 0.037895
3 0.638947 0.096842 0.016842 0.040000
3 0.692105 0.101579 0.017895 0.038947
4 0.718947 0.101579 0.018947 0.045263
2 0.746842 0.101053 0.020000 0.042105
3 0.774211 0.098947 0.017895 0.046316
2 0.829474 0.102632 0.021053 0.049474
4 0.855263 0.105263 0.017895 0.050526
2 0.880526 0.096842 0.020000 0.042105
4 0.908421 0.097895 0.016842 0.046316
3 0.933684 0.097368 0.018947 0.036842
4 0.961579 0.100526 0.017895 0.045263
3 0.987895 0.102105 0.015789 0.042105
4 0.457895 0.202105 0.021053 0.050526
1 0.487368 0.212105 0.021053 0.053684
4 0.514211 0.214737 0.017895 0.050526
4 0.541579 0.211579 0.017895 0.054737
4 0.567895 0.211053 0.017895 0.051579
2 0.593684 0.212105 0.016842 0.041053
4 0.622632 0.208947 0.017895 0.053684
2 0.650000 0.211053 0.015789 0.038947
4 0.676316 0.207368 0.017895 0.061053
2 0.703158 0.214211 0.014737 0.038947
2 0.756842 0.213684 0.021053 0.046316
3 0.784211 0.215789 0.016842 0.042105
2 0.840000 0.214737 0.018947 0.042105
4 0.864737 0.212105 0.017895 0.053684
4 0.892632 0.207368 0.018947 0.052632
2 0.917895 0.207368 0.021053 0.048421
2 0.947368 0.215263 0.016842 0.038947
2 0.974737 0.210000 0.018947 0.047368
3 0.451579 0.264737 0.021053 0.043158
3 0.504211 0.266316 0.018947 0.050526
2 0.557368 0.272105 0.017895 0.041053
4 0.584737 0.265263 0.022105 0.052632
1 0.667368 0.269474 0.021053 0.054737
4 0.694211 0.265263 0.020000 0.050526
4 0.772632 0.271053 0.021053 0.045263
4 0.801579 0.270000 0.022105 0.053684
3 0.828947 0.266842 0.020000 0.051579
4 0.855789 0.264737 0.018947 0.047368
4 0.882632 0.266842 0.017895 0.049474
4 0.935263 0.263684 0.020000 0.043158
4 0.961053 0.267895 0.016842 0.045263
4 0.990526 0.266842 0.018947 0.051579
2 0.515263 0.383158 0.020000 0.048421
3 0.612105 0.435263 0.020000 0.038947
4 0.667368 0.434211 0.016842 0.051579
1 0.695789 0.432632 0.021053 0.054737
3 0.746842 0.432632 0.017895 0.048421
4 0.757368 0.372632 0.017895 0.048421
4 0.784211 0.374211 0.018947 0.049474
4 0.810526 0.373158 0.023158 0.057895
3 0.772632 0.429474 0.016842 0.042105
1 0.801579 0.433684 0.022105 0.052632
4 0.839474 0.376842 0.020000 0.052632
4 0.864737 0.375263 0.022105 0.055789
4 0.854211 0.431053 0.022105 0.051579
2 0.891579 0.381053 0.018947 0.044211
4 0.920526 0.376842 0.017895 0.058947
4 0.947368 0.375789 0.018947 0.050526
3 0.936316 0.435263 0.020000 0.045263
4 0.974211 0.374211 0.020000 0.057895
4 0.991053 0.433158 0.017895 0.049474
2 0.461053 0.540526 0.018947 0.049474
3 0.487368 0.547368 0.018947 0.050526
1 0.542632 0.546316 0.020000 0.054737
4 0.568421 0.538947 0.018947 0.052632
4 0.593158 0.543158 0.020000 0.058947
2 0.651579 0.546316 0.018947 0.044211
2 0.730526 0.546316 0.016842 0.046316
2 0.785263 0.546842 0.023158 0.047368
2 0.921579 0.550000 0.017895 0.045263
3 0.935263 0.598947 0.015789 0.037895
2 0.801579 0.603158 0.017895 0.046316
2 0.774737 0.600000 0.016842 0.042105
3 0.748421 0.601053 0.021053 0.052632
3 0.721053 0.596316 0.018947 0.041053
2 0.695263 0.600000 0.015789 0.042105
3 0.668947 0.598947 0.017895 0.050526
3 0.640000 0.599474 0.016842 0.045263
3 0.531053 0.606316 0.017895 0.042105
2 0.477368 0.597368 0.017895 0.038947
2 0.451579 0.593158 0.014737 0.043158
3 0.055789 0.715789 0.016842 0.040000
3 0.006316 0.714737 0.010526 0.042105
2 0.020000 0.768947 0.018947 0.043158
1 0.047368 0.772105 0.014737 0.047368
2 0.138947 0.718421 0.014737 0.041053
2 0.126842 0.769474 0.017895 0.042105
3 0.152632 0.764737 0.016842 0.043158
3 0.164211 0.717368 0.016842 0.047368
2 0.190526 0.711579 0.014737 0.042105
3 0.180526 0.766316 0.017895 0.044211
3 0.235263 0.766316 0.017895 0.044211
2 0.272632 0.716316 0.016842 0.045263
3 0.286316 0.766316 0.018947 0.044211
3 0.326316 0.710000 0.016842 0.045263
3 0.315263 0.762632 0.017895 0.043158
3 0.339474 0.767368 0.017895 0.042105
3 0.369474 0.768421 0.016842 0.044211
2 0.381053 0.715263 0.018947 0.045263
3 0.352632 0.711053 0.018947 0.047368
3 0.407368 0.717895 0.018947 0.044211
3 0.423684 0.760526 0.015789 0.043158
2 0.450526 0.760526 0.018947 0.049474
3 0.460000 0.712105 0.016842 0.045263
3 0.487368 0.714211 0.021053 0.047368
3 0.515263 0.712105 0.015789 0.043158
1 0.479474 0.770000 0.020000 0.051579
4 0.505263 0.766842 0.016842 0.049474
3 0.557368 0.763684 0.015789 0.041053
3 0.543684 0.712105 0.020000 0.041053
2 0.596842 0.706316 0.018947 0.042105
4 0.585263 0.765789 0.018947 0.047368
2 0.651579 0.712105 0.016842 0.045263
3 0.640526 0.763158 0.020000 0.044211
1 0.666842 0.766316 0.017895 0.054737
3 0.677895 0.712105 0.016842 0.049474
3 0.704737 0.714737 0.017895 0.048421
3 0.693684 0.760000 0.016842 0.046316
4 0.721579 0.767895 0.017895 0.049474
4 0.747895 0.767368 0.022105 0.054737
3 0.731579 0.717368 0.018947 0.043158
3 0.758947 0.714211 0.016842 0.041053
2 0.814211 0.716842 0.015789 0.040000
3 0.775789 0.764737 0.014737 0.045263
3 0.801053 0.766316 0.016842 0.050526
4 0.827895 0.763684 0.017895 0.041053
3 0.838947 0.711053 0.016842 0.047368
3 0.855789 0.763158 0.018947 0.046316
3 0.893158 0.710000 0.017895 0.038947
2 0.909474 0.764211 0.018947 0.046316
3 0.938421 0.765789 0.017895 0.047368
2 0.974211 0.714737 0.015789 0.042105
2 0.007895 0.881579 0.013684 0.049474
3 0.032632 0.879474 0.021053 0.051579
2 0.056842 0.882632 0.016842 0.045263
3 0.083684 0.880000 0.015789 0.048421
2 0.137368 0.882105 0.020000 0.042105
3 0.163684 0.881579 0.017895 0.045263
3 0.245789 0.884737 0.015789 0.041053
3 0.300526 0.879474 0.020000 0.045263
3 0.325789 0.873684 0.020000 0.046316
3 0.380000 0.879474 0.016842 0.047368
3 0.407368 0.877368 0.018947 0.053684
2 0.433684 0.877895 0.018947 0.044211
3 0.316842 0.930000 0.016842 0.043158
3 0.344737 0.934211 0.017895 0.055789
2 0.514211 0.877895 0.017895 0.042105
3 0.543158 0.878947 0.021053 0.046316
4 0.568421 0.877368 0.021053 0.053684
4 0.596842 0.877368 0.018947 0.051579
3 0.624737 0.877368 0.017895 0.051579
3 0.677895 0.874211 0.018947 0.047368
1 0.704737 0.880526 0.020000 0.051579
3 0.731053 0.874211 0.020000 0.049474
2 0.533158 0.924211 0.017895 0.042105
2 0.559474 0.932632 0.020000 0.048421
2 0.585789 0.935263 0.020000 0.049474
2 0.612632 0.937368 0.018947 0.043158
2 0.637895 0.932105 0.018947 0.043158
2 0.668947 0.930526 0.020000 0.046316
2 0.694737 0.930526 0.016842 0.048421
2 0.748421 0.929474 0.016842 0.046316
2 0.775263 0.923684 0.020000 0.045263
2 0.803158 0.930526 0.018947 0.046316
2 0.828947 0.940000 0.020000 0.046316
3 0.855789 0.937895 0.018947 0.046316
3 0.882105 0.932632 0.016842 0.042105
3 0.910000 0.932105 0.015789 0.047368
4 0.893158 0.880000 0.017895 0.048421
3 0.814211 0.885263 0.017895 0.042105
2 0.947895 0.877895 0.017895 0.044211
3 0.995263 0.878947 0.009474 0.050526
2 0.992105 0.933684 0.015789 0.048421
3 0.935789 0.928947 0.014737 0.038947
3 0.990526 0.762632 0.018947 0.045263
4 0.973684 0.543684 0.021053 0.064211
3 0.877895 0.013684 0.044211 0.023158
2 0.990000 0.598947 0.017895 0.044211
