3 0.290000 0.057368 0.017895 0.045263
3 0.344211 0.063158 0.018947 0.046316
2 0.504211 0.058947 0.023158 0.046316
2 0.533158 0.057895 0.020000 0.048421
2 0.561053 0.061579 0.018947 0.045263
3 0.587368 0.058421 0.018947 0.047368
3 0.612632 0.059474 0.018947 0.049474
3 0.640000 0.062105 0.016842 0.048421
3 0.666842 0.057895 0.017895 0.044211
2 0.695789 0.063158 0.018947 0.048421
3 0.803684 0.061053 0.017895 0.046316
3 0.828947 0.059474 0.020000 0.045263
4 0.910000 0.059474 0.017895 0.047368
3 0.965263 0.058947 0.018947 0.048421
2 0.991053 0.062105 0.017895 0.052632
1 0.794737 0.119474 0.021053 0.051579
2 0.845263 0.113158 0.016842 0.041053
3 0.872632 0.107368 0.018947 0.042105
3 0.899474 0.108947 0.017895 0.043158
3 0.952632 0.116316 0.016842 0.041053
3 0.980000 0.116842 0.016842 0.042105
3 0.711053 0.105789 0.017895 0.043158
3 0.683158 0.112105 0.014737 0.043158
2 0.656316 0.112105 0.020000 0.045263
4 0.629474 0.115789 0.021053 0.054737
2 0.575789 0.115263 0.016842 0.043158
3 0.546842 0.112632 0.020000 0.048421
2 0.522105 0.106316 0.018947 0.042105
1 0.467368 0.114737 0.018947 0.052632
2 0.440000 0.114211 0.016842 0.043158
2 0.413684 0.116842 0.016842 0.042105
2 0.387368 0.116842 0.014737 0.040000
2 0.360000 0.114211 0.016842 0.041053
2 0.333158 0.112105 0.017895 0.043158
2 0.305789 0.114211 0.017895 0.043158
2 0.278947 0.114737 0.016842 0.044211
2 0.252105 0.116842 0.015789 0.042105
4 0.200000 0.115789 0.018947 0.052632
3 0.171053 0.113158 0.017895 0.045263
3 0.144737 0.109474 0.015789 0.042105
2 0.117368 0.114737 0.015789 0.042105
2 0.065263 0.118421 0.016842 0.045263
4 0.010000 0.116842 0.017895 0.046316
2 0.047895 0.230000 0.015789 0.043158
4 0.073684 0.224737 0.018947 0.053684
3 0.101053 0.230526 0.018947 0.042105
4 0.154211 0.222105 0.017895 0.052632
2 0.181579 0.229474 0.017895 0.040000
3 0.208421 0.226316 0.016842 0.042105
3 0.234737 0.226842 0.018947 0.041053
2 0.261579 0.227895 0.020000 0.041053
3 0.289474 0.227895 0.018947 0.045263
2 0.316842 0.225263 0.018947 0.040000
1 0.342632 0.228947 0.022105 0.049474
3 0.368421 0.231053 0.021053 0.043158
3 0.477368 0.225263 0.020000 0.048421
3 0.504211 0.221579 0.018947 0.047368
3 0.531579 0.222632 0.018947 0.047368
4 0.585789 0.217368 0.015789 0.041053
3 0.611579 0.224211 0.016842 0.042105
2 0.640000 0.229474 0.018947 0.044211
1 0.665789 0.230000 0.022105 0.051579
3 0.694211 0.229474 0.017895 0.044211
4 0.721053 0.225263 0.021053 0.056842
3 0.774737 0.225789 0.018947 0.047368
4 0.802632 0.222632 0.020000 0.053684
3 0.827895 0.224737 0.020000 0.047368
3 0.818421 0.277368 0.020000 0.043158
3 0.792105 0.277368 0.017895 0.045263
2 0.764737 0.277895 0.020000 0.046316
2 0.736842 0.280526 0.018947 0.045263
3 0.601579 0.280000 0.017895 0.044211
2 0.574737 0.275789 0.018947 0.042105
4 0.548421 0.277368 0.018947 0.043158
2 0.466316 0.282105 0.016842 0.044211
4 0.438421 0.285789 0.020000 0.045263
3 0.358421 0.283684 0.020000 0.047368
3 0.332105 0.284211 0.017895 0.042105
3 0.280526 0.278421 0.017895 0.049474
4 0.252105 0.279474 0.017895 0.053684
3 0.195263 0.277368 0.017895 0.047368
4 0.171053 0.276842 0.020000 0.050526
2 0.143684 0.281579 0.020000 0.047368
2 0.088947 0.280000 0.015789 0.044211
3 0.064211 0.280000 0.018947 0.048421
3 0.036316 0.284737 0.015789 0.043158
3 0.010526 0.278421 0.018947 0.043158
2 0.018947 0.395263 0.018947 0.047368
2 0.045263 0.393158 0.016842 0.047368
4 0.074211 0.391579 0.020000 0.056842
3 0.100000 0.394737 0.016842 0.046316
2 0.125263 0.394211 0.018947 0.045263
3 0.178421 0.392105 0.017895 0.045263
4 0.207895 0.390526 0.020000 0.052632
4 0.262105 0.390000 0.018947 0.051579
2 0.288947 0.396842 0.020000 0.046316
3 0.342105 0.394737 0.018947 0.048421
3 0.370000 0.393684 0.017895 0.046316
3 0.395789 0.392105 0.016842 0.051579
3 0.423158 0.393158 0.016842 0.038947
2 0.476842 0.391579 0.018947 0.046316
4 0.503158 0.391053 0.018947 0.051579
3 0.612105 0.391053 0.017895 0.045263
3 0.639474 0.397368 0.017895 0.045263
3 0.663684 0.392632 0.017895 0.044211
3 0.692105 0.394737 0.020000 0.046316
3 0.745263 0.388421 0.018947 0.048421
3 0.826842 0.395263 0.017895 0.043158
3 0.854211 0.392105 0.017895 0.045263
3 0.935789 0.398421 0.016842 0.045263
3 0.883158 0.227895 0.016842 0.047368
1 0.872105 0.280526 0.020000 0.053684
3 0.897895 0.280526 0.018947 0.043158
3 0.951579 0.277368 0.016842 0.038947
3 0.936316 0.230000 0.017895 0.043158
3 0.963684 0.226842 0.017895 0.045263
3 0.991053 0.224737 0.017895 0.047368
3 0.989474 0.390526 0.021053 0.054737
2 0.979474 0.450000 0.017895 0.047368
2 0.953158 0.447368 0.017895 0.048421
2 0.926316 0.454737 0.018947 0.046316
3 0.898421 0.445263 0.017895 0.048421
3 0.871053 0.442105 0.017895 0.048421
3 0.843684 0.446316 0.020000 0.048421
4 0.791053 0.448421 0.017895 0.056842
2 0.762632 0.446842 0.020000 0.049474
3 0.737368 0.445789 0.020000 0.047368
3 0.708947 0.451053 0.022105 0.045263
3 0.681053 0.441579 0.018947 0.043158
2 0.655789 0.444211 0.018947 0.046316
3 0.629474 0.448421 0.018947 0.050526
4 0.601579 0.444211 0.020000 0.044211
4 0.574211 0.443684 0.022105 0.049474
4 0.547368 0.453684 0.018947 0.044211
4 0.521579 0.454211 0.017895 0.045263
1 0.466316 0.446316 0.018947 0.050526
3 0.386316 0.447368 0.018947 0.048421
3 0.358947 0.445263 0.018947 0.046316
3 0.332105 0.449474 0.020000 0.046316
4 0.305263 0.453158 0.018947 0.041053
2 0.277895 0.445789 0.021053 0.049474
3 0.224737 0.447368 0.017895 0.048421
3 0.197368 0.445789 0.020000 0.051579
2 0.170526 0.445263 0.018947 0.048421
4 0.143158 0.444211 0.018947 0.052632
4 0.116316 0.446316 0.022105 0.054737
2 0.087895 0.454211 0.020000 0.047368
3 0.062632 0.448421 0.017895 0.040000
2 0.035789 0.450526 0.023158 0.048421
3 0.009474 0.450000 0.016842 0.049474
3 0.018421 0.562105 0.017895 0.046316
3 0.045263 0.559474 0.018947 0.045263
2 0.098947 0.562105 0.021053 0.042105
2 0.125789 0.557895 0.020000 0.042105
3 0.152105 0.561579 0.017895 0.047368
3 0.178947 0.563158 0.018947 0.054737
2 0.206842 0.567368 0.017895 0.046316
3 0.232632 0.567895 0.018947 0.045263
2 0.259474 0.566316 0.020000 0.044211
2 0.287895 0.565263 0.020000 0.046316
3 0.314211 0.561053 0.017895 0.042105
2 0.340526 0.556316 0.022105 0.047368
3 0.368421 0.556842 0.018947 0.050526
3 0.397368 0.553684 0.020000 0.046316
3 0.440000 0.448947 0.021053 0.055789
3 0.422632 0.557895 0.017895 0.048421
3 0.450000 0.560526 0.017895 0.049474
3 0.474211 0.558947 0.017895 0.050526
4 0.502632 0.557895 0.024211 0.054737
3 0.529474 0.558421 0.018947 0.051579
2 0.556316 0.561053 0.020000 0.050526
3 0.585263 0.556842 0.018947 0.050526
3 0.612632 0.561053 0.018947 0.044211
4 0.637895 0.562105 0.021053 0.044211
2 0.664737 0.561053 0.020000 0.046316
4 0.691579 0.556316 0.023158 0.055789
3 0.717895 0.554211 0.018947 0.045263
4 0.746842 0.558947 0.017895 0.042105
4 0.774211 0.557368 0.017895 0.049474
3 0.800526 0.561579 0.020000 0.047368
4 0.827895 0.557368 0.017895 0.049474
2 0.852105 0.560000 0.017895 0.046316
3 0.881579 0.555263 0.017895 0.047368
3 0.908421 0.554737 0.021053 0.046316
3 0.933684 0.560000 0.018947 0.046316
3 0.960526 0.557368 0.022105 0.049474
3 0.988421 0.558947 0.021053 0.050526
4 0.977368 0.617368 0.020000 0.055789
3 0.951053 0.612632 0.020000 0.044211
3 0.871579 0.612105 0.021053 0.051579
2 0.844211 0.610526 0.018947 0.048421
2 0.816842 0.610526 0.018947 0.046316
3 0.790000 0.615263 0.020000 0.049474
3 0.762632 0.608421 0.017895 0.042105
3 0.735789 0.611579 0.016842 0.044211
4 0.708421 0.613684 0.018947 0.050526
3 0.681053 0.611053 0.018947 0.045263
2 0.654211 0.613158 0.020000 0.049474
4 0.627895 0.618421 0.017895 0.055789
3 0.601053 0.615263 0.018947 0.047368
3 0.573684 0.613684 0.018947 0.046316
3 0.546316 0.612105 0.018947 0.041053
3 0.517895 0.610000 0.016842 0.043158
2 0.491053 0.614211 0.017895 0.047368
2 0.464737 0.615789 0.020000 0.048421
2 0.438421 0.610000 0.022105 0.047368
2 0.411053 0.612632 0.020000 0.042105
2 0.383684 0.614211 0.020000 0.047368
2 0.357368 0.610000 0.020000 0.047368
2 0.008421 0.616316 0.014737 0.047368
3 0.032105 0.620526 0.020000 0.043158
3 0.060000 0.624737 0.021053 0.047368
3 0.086316 0.611053 0.018947 0.041053
3 0.114211 0.612105 0.020000 0.045263
2 0.144737 0.614211 0.020000 0.045263
3 0.167895 0.616316 0.017895 0.047368
3 0.195263 0.617368 0.020000 0.053684
2 0.223158 0.617895 0.021053 0.048421
3 0.250526 0.615789 0.018947 0.048421
3 0.276842 0.614737 0.021053 0.048421
3 0.017368 0.727368 0.020000 0.050526
4 0.043158 0.722105 0.018947 0.054737
2 0.068421 0.730000 0.018947 0.045263
4 0.124211 0.725789 0.018947 0.051579
3 0.150526 0.725789 0.018947 0.047368
3 0.177368 0.719474 0.020000 0.049474
2 0.203158 0.721579 0.018947 0.047368
2 0.230000 0.722632 0.020000 0.045263
2 0.258947 0.728421 0.021053 0.046316
2 0.285789 0.723158 0.020000 0.044211
2 0.312105 0.724737 0.020000 0.045263
3 0.370000 0.729474 0.017895 0.046316
2 0.394211 0.730000 0.022105 0.045263
3 0.420526 0.728421 0.020000 0.046316
2 0.447368 0.724737 0.023158 0.049474
2 0.474211 0.720000 0.020000 0.042105
2 0.500526 0.731053 0.020000 0.049474
2 0.528421 0.726316 0.018947 0.048421
3 0.556316 0.722632 0.020000 0.045263
3 0.583158 0.721579 0.018947 0.049474
4 0.610526 0.723158 0.018947 0.048421
2 0.637368 0.728421 0.020000 0.042105
3 0.665263 0.717368 0.018947 0.051579
4 0.691053 0.724211 0.017895 0.054737
4 0.717368 0.722632 0.022105 0.057895
3 0.744211 0.721579 0.018947 0.045263
4 0.799474 0.730526 0.020000 0.042105
4 0.826842 0.726842 0.017895 0.041053
4 0.852632 0.724211 0.016842 0.050526
3 0.878947 0.727895 0.016842 0.045263
3 0.905789 0.729474 0.020000 0.046316
3 0.933684 0.728947 0.018947 0.041053
3 0.961053 0.728421 0.016842 0.040000
3 0.987895 0.727895 0.017895 0.045263
2 0.085789 0.783684 0.017895 0.043158
2 0.112632 0.787895 0.018947 0.045263
4 0.197368 0.783684 0.020000 0.051579
3 0.221579 0.776842 0.020000 0.048421
3 0.248421 0.780526 0.021053 0.055789
3 0.302632 0.790000 0.020000 0.047368
4 0.357368 0.779474 0.017895 0.045263
2 0.383684 0.781053 0.020000 0.048421
4 0.411053 0.779474 0.017895 0.051579
4 0.464737 0.778947 0.020000 0.050526
2 0.490000 0.782105 0.022105 0.048421
2 0.519474 0.777368 0.020000 0.047368
4 0.545789 0.781053 0.017895 0.056842
4 0.573158 0.781579 0.022105 0.055789
3 0.601053 0.775789 0.018947 0.046316
3 0.652105 0.782632 0.020000 0.043158
4 0.681579 0.781053 0.020000 0.052632
3 0.706316 0.778421 0.021053 0.045263
3 0.732632 0.778947 0.016842 0.046316
2 0.759474 0.776842 0.020000 0.044211
2 0.788947 0.777895 0.022105 0.048421
3 0.841053 0.775263 0.014737 0.038947
3 0.868947 0.778421 0.020000 0.045263
2 0.895789 0.780000 0.021053 0.048421
2 0.922632 0.783684 0.020000 0.047368
3 0.947895 0.782105 0.015789 0.046316
2 0.975263 0.779474 0.020000 0.047368
3 0.032632 0.900526 0.018947 0.045263
2 0.021579 0.958421 0.017895 0.043158
2 0.049474 0.958947 0.018947 0.044211
3 0.074211 0.951053 0.015789 0.034737
3 0.102105 0.949474 0.014737 0.044211
2 0.131579 0.951053 0.018947 0.047368
2 0.087368 0.905263 0.018947 0.044211
4 0.059474 0.900526 0.020000 0.053684
4 0.112632 0.896316 0.018947 0.051579
4 0.166316 0.895263 0.018947 0.053684
4 0.193684 0.895789 0.018947 0.052632
4 0.221579 0.898421 0.020000 0.049474
4 0.183158 0.952105 0.018947 0.053684
2 0.293158 0.952632 0.020000 0.048421
2 0.317895 0.960000 0.018947 0.044211
3 0.328421 0.900000 0.018947 0.044211
3 0.437895 0.900000 0.018947 0.054737
3 0.463158 0.896842 0.018947 0.044211
4 0.490000 0.898421 0.020000 0.053684
2 0.453684 0.954211 0.018947 0.045263
3 0.480000 0.961579 0.016842 0.043158
2 0.506316 0.955263 0.016842 0.043158
3 0.533158 0.951053 0.015789 0.045263
3 0.545789 0.903158 0.015789 0.044211
4 0.574211 0.895789 0.020000 0.054737
4 0.562632 0.954211 0.020000 0.049474
3 0.589474 0.948947 0.018947 0.041053
2 0.613684 0.957895 0.016842 0.042105
2 0.639474 0.948947 0.017895 0.041053
3 0.598947 0.897895 0.018947 0.044211
1 0.623684 0.901053 0.020000 0.052632
3 0.652105 0.900526 0.017895 0.047368
3 0.678947 0.896316 0.016842 0.051579
3 0.707368 0.896842 0.021053 0.050526
3 0.696842 0.948947 0.016842 0.045263
4 0.722632 0.951053 0.017895 0.047368
2 0.732632 0.895263 0.016842 0.045263
3 0.761053 0.897368 0.016842 0.051579
2 0.776842 0.954737 0.018947 0.044211
2 0.787368 0.898421 0.018947 0.049474
2 0.815263 0.903158 0.017895 0.048421
1 0.842105 0.903158 0.018947 0.052632
2 0.867895 0.898421 0.017895 0.047368
2 0.802632 0.950526 0.015789 0.040000
3 0.830526 0.950526 0.014737 0.042105
3 0.858421 0.955789 0.020000 0.054737
2 0.884737 0.948421 0.015789 0.044211
3 0.921053 0.900526 0.021053 0.057895
3 0.950000 0.900000 0.020000 0.050526
2 0.974737 0.897895 0.021053 0.046316
2 0.967368 0.953158 0.014737 0.041053
1 0.513684 0.990000 0.050526 0.020000
