2 0.301053 0.065263 0.021053 0.050526
2 0.317368 0.116316 0.020000 0.041053
2 0.153684 0.111053 0.021053 0.043158
2 0.073158 0.106316 0.020000 0.042105
2 0.570526 0.061053 0.018947 0.042105
2 0.544737 0.062105 0.017895 0.044211
2 0.503684 0.117895 0.022105 0.046316
2 0.759474 0.056316 0.020000 0.043158
2 0.786316 0.054211 0.021053 0.047368
2 0.812632 0.056842 0.021053 0.046316
2 0.857368 0.113684 0.020000 0.046316
2 0.947895 0.054737 0.022105 0.046316
2 0.973158 0.055263 0.020000 0.049474
2 0.964211 0.104737 0.018947 0.043158
2 0.828421 0.106842 0.018947 0.041053
2 0.838947 0.056316 0.021053 0.045263
2 0.623684 0.057368 0.017895 0.041053
2 0.356316 0.069474 0.017895 0.040000
2 0.343684 0.118947 0.020000 0.040000
2 0.164211 0.229474 0.021053 0.042105
2 0.219474 0.221579 0.022105 0.041053
2 0.262105 0.276316 0.021053 0.049474
2 0.235789 0.282105 0.023158 0.046316
2 0.317895 0.278421 0.023158 0.051579
2 0.504211 0.276316 0.023158 0.045263
2 0.665263 0.276316 0.018947 0.045263
2 0.746842 0.273158 0.022105 0.045263
2 0.801053 0.276316 0.025263 0.051579
2 0.811579 0.221053 0.021053 0.046316
2 0.839474 0.221053 0.022105 0.042105
2 0.803684 0.111053 0.020000 0.041053
2 0.775263 0.108421 0.020000 0.046316
2 0.748947 0.109474 0.022105 0.048421
2 0.721053 0.108947 0.021053 0.041053
2 0.694211 0.112632 0.020000 0.044211
2 0.560526 0.112105 0.017895 0.041053
2 0.533684 0.117368 0.018947 0.045263
2 0.028947 0.224737 0.022105 0.043158
2 0.056316 0.224211 0.020000 0.044211
2 0.072105 0.276842 0.017895 0.040000
2 0.136842 0.229474 0.023158 0.044211
2 0.153684 0.283158 0.018947 0.044211
2 0.082632 0.398421 0.020000 0.041053
2 0.028947 0.396842 0.022105 0.042105
2 0.325789 0.386316 0.020000 0.042105
2 0.340526 0.449474 0.024211 0.046316
2 0.393684 0.442632 0.023158 0.047368
2 0.449474 0.445263 0.023158 0.048421
2 0.514211 0.387895 0.024211 0.047368
2 0.570000 0.390526 0.022105 0.046316
2 0.648947 0.382105 0.022105 0.044211
2 0.244211 0.393684 0.021053 0.046316
2 0.191053 0.391579 0.022105 0.048421
2 0.164211 0.395789 0.021053 0.046316
2 0.177368 0.444211 0.024211 0.050526
2 0.125263 0.441579 0.023158 0.049474
2 0.284211 0.616316 0.018947 0.049474
2 0.421053 0.607895 0.016842 0.043158
2 0.583684 0.617368 0.020000 0.053684
2 0.486842 0.558421 0.022105 0.045263
2 0.430526 0.556842 0.023158 0.048421
2 0.378421 0.563158 0.022105 0.046316
2 0.082632 0.561053 0.020000 0.046316
2 0.134737 0.724211 0.023158 0.050526
1 0.067895 0.781579 0.022105 0.053684
2 0.177895 0.777368 0.021053 0.049474
2 0.203684 0.777895 0.024211 0.046316
2 0.366842 0.778421 0.022105 0.047368
2 0.392105 0.776842 0.020000 0.050526
2 0.404211 0.726842 0.016842 0.043158
2 0.702105 0.563158 0.023158 0.044211
2 0.446316 0.778947 0.025263 0.048421
2 0.608947 0.778421 0.022105 0.049474
2 0.781579 0.721579 0.020000 0.049474
2 0.808947 0.723158 0.020000 0.044211
2 0.852105 0.773158 0.020000 0.045263
2 0.970000 0.724211 0.022105 0.050526
2 0.958421 0.774211 0.020000 0.049474
2 0.933684 0.777368 0.018947 0.049474
2 0.915263 0.726842 0.020000 0.051579
2 0.888947 0.723158 0.020000 0.050526
2 0.862105 0.723684 0.023158 0.049474
2 0.771579 0.775263 0.021053 0.047368
2 0.971053 0.554737 0.022105 0.048421
2 0.808947 0.560000 0.020000 0.048421
2 0.864211 0.390526 0.023158 0.046316
2 0.889474 0.392632 0.021053 0.048421
2 0.916316 0.394211 0.022105 0.043158
2 0.728421 0.393684 0.021053 0.048421
2 0.757368 0.393158 0.022105 0.045263
1 0.531053 0.275789 0.024211 0.052632
2 0.435789 0.231053 0.016842 0.038947
2 0.461053 0.232632 0.016842 0.042105
2 0.568947 0.229474 0.020000 0.042105
2 0.704211 0.227895 0.021053 0.041053
2 0.639474 0.277895 0.020000 0.048421
2 0.883684 0.274737 0.020000 0.048421
2 0.907895 0.271579 0.022105 0.048421
2 0.855263 0.273158 0.020000 0.047368
2 0.866842 0.225789 0.017895 0.043158
2 0.891579 0.222105 0.021053 0.044211
2 0.920526 0.217895 0.020000 0.046316
2 0.622105 0.223684 0.021053 0.043158
2 0.126316 0.275263 0.018947 0.043158
2 0.099474 0.275789 0.020000 0.042105
2 0.691053 0.440000 0.020000 0.042105
2 0.943684 0.553158 0.022105 0.047368
2 0.909474 0.443684 0.021053 0.045263
2 0.856316 0.441579 0.022105 0.047368
2 0.638421 0.442105 0.020000 0.048421
2 0.161579 0.562105 0.020000 0.042105
2 0.070526 0.605789 0.018947 0.043158
2 0.044737 0.610526 0.022105 0.048421
2 0.015263 0.775263 0.024211 0.049474
2 0.015263 0.901053 0.026316 0.046316
2 0.193684 0.950000 0.023158 0.049474
2 0.300000 0.954737 0.021053 0.048421
2 0.410526 0.956842 0.023158 0.048421
2 0.544211 0.950000 0.021053 0.051579
2 0.596842 0.954737 0.023158 0.052632
2 0.623158 0.953158 0.021053 0.051579
2 0.705789 0.946316 0.022105 0.048421
2 0.732105 0.948947 0.022105 0.045263
2 0.770526 0.900000 0.018947 0.044211
2 0.814737 0.950526 0.023158 0.050526
2 0.877895 0.893158 0.021053 0.051579
2 0.919474 0.949474 0.022105 0.046316
2 0.867895 0.945263 0.020000 0.046316
2 0.525789 0.778947 0.020000 0.042105
2 0.312105 0.776842 0.020000 0.046316
2 0.177895 0.894211 0.016842 0.043158
2 0.025263 0.723684 0.016842 0.045263
2 0.078421 0.728421 0.017895 0.046316
2 0.054737 0.726842 0.018947 0.043158
2 0.014211 0.608421 0.020000 0.040000
2 0.323684 0.556316 0.020000 0.047368
2 0.288947 0.446842 0.020000 0.047368
2 0.460000 0.393158 0.023158 0.045263
2 0.772105 0.613158 0.020000 0.049474
2 0.555263 0.610000 0.020000 0.047368
2 0.311053 0.898947 0.020000 0.052632
2 0.337368 0.896842 0.020000 0.050526
2 0.392632 0.901579 0.023158 0.043158
2 0.383684 0.956316 0.020000 0.051579
2 0.461579 0.953684 0.022105 0.048421
2 0.488947 0.950000 0.022105 0.049474
2 0.472105 0.898947 0.020000 0.050526
2 0.688947 0.892632 0.017895 0.046316
2 0.794737 0.893158 0.023158 0.045263
2 0.894737 0.951053 0.021053 0.047368
2 0.840526 0.945263 0.020000 0.046316
2 0.785263 0.948947 0.023158 0.047368
2 0.799474 0.438421 0.022105 0.047368
1 0.827368 0.441053 0.023158 0.054737
1 0.935263 0.448947 0.020000 0.053684
2 0.560000 0.278947 0.021053 0.050526
2 0.436842 0.053684 0.018947 0.046316
2 0.463684 0.055789 0.022105 0.044211
2 0.678947 0.060000 0.021053 0.046316
2 0.911053 0.102632 0.022105 0.041053
1 0.006316 0.229474 0.010526 0.048421
1 0.007368 0.394211 0.012632 0.053684
1 0.005789 0.557368 0.009474 0.045263
4 0.327895 0.055263 0.022105 0.057895
4 0.409474 0.058947 0.023158 0.052632
4 0.381579 0.060000 0.022105 0.052632
4 0.398421 0.117368 0.022105 0.057895
4 0.514211 0.221579 0.022105 0.055789
4 0.677368 0.221053 0.022105 0.061053
4 0.647895 0.222632 0.020000 0.055789
4 0.946316 0.220526 0.023158 0.055789
4 0.785263 0.215789 0.021053 0.054737
1 0.622105 0.387368 0.021053 0.056842
1 0.217895 0.391053 0.018947 0.053684
4 0.353684 0.226316 0.021053 0.054737
4 0.017368 0.444211 0.017895 0.046316
4 0.041579 0.442105 0.022105 0.044211
4 0.071579 0.446316 0.016842 0.044211
4 0.097368 0.445789 0.017895 0.043158
4 0.205789 0.448421 0.020000 0.050526
4 0.232632 0.447368 0.018947 0.044211
4 0.261579 0.452632 0.022105 0.052632
4 0.503684 0.443158 0.017895 0.054737
4 0.476842 0.447895 0.021053 0.053684
4 0.745789 0.447368 0.022105 0.054737
4 0.774737 0.445263 0.023158 0.054737
4 0.665263 0.443158 0.021053 0.052632
1 0.890000 0.552105 0.022105 0.055789
4 0.528947 0.610526 0.020000 0.050526
4 0.230526 0.614211 0.018947 0.053684
4 0.240000 0.551053 0.018947 0.053684
4 0.295263 0.558421 0.020000 0.049474
4 0.134737 0.556842 0.018947 0.048421
4 0.107368 0.556316 0.018947 0.049474
4 0.212632 0.718421 0.021053 0.053684
4 0.106842 0.717895 0.024211 0.054737
4 0.754211 0.722632 0.022105 0.051579
4 0.421053 0.777368 0.021053 0.051579
4 0.498947 0.781579 0.023158 0.053684
4 0.526842 0.897368 0.022105 0.053684
4 0.662105 0.888947 0.021053 0.055789
4 0.904211 0.893158 0.021053 0.055789
4 0.881053 0.777368 0.021053 0.057895
4 0.538421 0.722105 0.022105 0.054737
1 0.456316 0.720000 0.024211 0.056842
4 0.220000 0.951053 0.021053 0.055789
3 0.491053 0.061053 0.020000 0.040000
3 0.732105 0.061053 0.024211 0.042105
4 0.599474 0.051579 0.022105 0.061053
4 0.705789 0.053158 0.024211 0.060000
3 0.869474 0.057368 0.018947 0.041053
4 0.921053 0.056316 0.023158 0.045263
3 0.020000 0.109474 0.018947 0.042105
3 0.047368 0.106842 0.016842 0.041053
3 0.100526 0.109474 0.020000 0.042105
3 0.127895 0.108421 0.022105 0.046316
3 0.182105 0.111579 0.023158 0.046316
4 0.300526 0.221053 0.022105 0.048421
3 0.236842 0.111053 0.018947 0.038947
3 0.423684 0.116316 0.020000 0.036842
3 0.450526 0.115789 0.023158 0.042105
3 0.585789 0.111579 0.017895 0.040000
3 0.612632 0.107368 0.016842 0.037895
2 0.640000 0.110000 0.021053 0.043158
2 0.667895 0.112632 0.020000 0.044211
3 0.937368 0.108947 0.017895 0.045263
3 0.271579 0.226316 0.018947 0.042105
3 0.408947 0.225789 0.022105 0.043158
3 0.543158 0.223684 0.016842 0.041053
1 0.595789 0.222105 0.023158 0.056842
3 0.584737 0.281579 0.020000 0.045263
3 0.451579 0.275263 0.021053 0.043158
3 0.425263 0.274211 0.016842 0.043158
3 0.397368 0.272632 0.020000 0.044211
3 0.181053 0.274211 0.016842 0.043158
3 0.019474 0.281053 0.020000 0.042105
3 0.134211 0.390000 0.017895 0.041053
3 0.353158 0.388947 0.017895 0.049474
4 0.380000 0.386316 0.018947 0.052632
4 0.422105 0.442632 0.021053 0.043158
3 0.313158 0.445263 0.017895 0.046316
2 0.531579 0.445263 0.021053 0.048421
2 0.556842 0.449474 0.021053 0.054737
2 0.585263 0.450000 0.021053 0.051579
2 0.801053 0.439474 0.021053 0.047368
2 0.971579 0.395263 0.018947 0.049474
2 0.837895 0.387895 0.018947 0.038947
2 0.814211 0.390000 0.017895 0.041053
3 0.784737 0.387895 0.020000 0.045263
2 0.675789 0.390000 0.018947 0.041053
2 0.702632 0.393158 0.017895 0.041053
3 0.594211 0.388421 0.020000 0.048421
3 0.542105 0.388947 0.016842 0.043158
3 0.368947 0.447895 0.020000 0.043158
3 0.961053 0.443684 0.018947 0.045263
4 0.646842 0.558947 0.022105 0.054737
4 0.620000 0.552632 0.023158 0.056842
3 0.322632 0.725789 0.017895 0.041053
3 0.286316 0.782105 0.023158 0.052632
3 0.338947 0.776316 0.021053 0.051579
3 0.231053 0.783158 0.024211 0.050526
3 0.095789 0.782632 0.018947 0.047368
3 0.122632 0.780000 0.022105 0.050526
3 0.148947 0.781053 0.020000 0.052632
3 0.188421 0.722105 0.018947 0.042105
3 0.241053 0.723158 0.021053 0.042105
3 0.268947 0.725263 0.017895 0.042105
3 0.377368 0.722632 0.020000 0.043158
3 0.428947 0.721579 0.020000 0.043158
2 0.564737 0.724737 0.017895 0.047368
2 0.593684 0.724211 0.018947 0.042105
2 0.619474 0.722632 0.020000 0.047368
2 0.698947 0.723158 0.021053 0.042105
2 0.727895 0.720000 0.017895 0.048421
2 0.942632 0.721053 0.017895 0.048421
3 0.824211 0.772632 0.016842 0.044211
3 0.906842 0.774211 0.022105 0.047368
3 0.742632 0.778421 0.022105 0.047368
3 0.717368 0.776842 0.020000 0.050526
3 0.690000 0.774211 0.017895 0.041053
3 0.662632 0.778947 0.022105 0.050526
3 0.636842 0.776316 0.021053 0.047368
3 0.554211 0.782105 0.020000 0.046316
3 0.149474 0.902632 0.018947 0.045263
3 0.140526 0.951053 0.020000 0.043158
3 0.607368 0.889474 0.018947 0.048421
3 0.634737 0.893158 0.018947 0.047368
4 0.582105 0.897895 0.018947 0.050526
2 0.555789 0.896842 0.021053 0.046316
2 0.933158 0.895789 0.020000 0.044211
2 0.445789 0.897895 0.022105 0.046316
4 0.066842 0.897368 0.020000 0.055789
4 0.203158 0.888947 0.023158 0.055789
3 0.757895 0.562105 0.016842 0.042105
4 0.783158 0.556316 0.023158 0.053684
4 0.165263 0.954737 0.023158 0.052632
3 0.094211 0.899474 0.022105 0.047368
3 0.042105 0.901579 0.016842 0.045263
3 0.057895 0.946842 0.018947 0.045263
3 0.084737 0.945263 0.022105 0.035789
3 0.111579 0.945789 0.018947 0.036842
3 0.229474 0.896842 0.018947 0.042105
3 0.257368 0.898421 0.017895 0.047368
3 0.284737 0.899474 0.022105 0.051579
4 0.328421 0.952105 0.021053 0.053684
3 0.715789 0.891053 0.018947 0.047368
3 0.746316 0.892105 0.018947 0.051579
3 0.822632 0.891579 0.020000 0.048421
3 0.851579 0.889474 0.021053 0.048421
3 0.678421 0.946316 0.022105 0.046316
3 0.653158 0.949474 0.020000 0.044211
4 0.572632 0.950526 0.021053 0.054737
3 0.054211 0.555789 0.015789 0.040000
3 0.029474 0.561053 0.014737 0.037895
3 0.213158 0.555263 0.020000 0.045263
4 0.177895 0.607895 0.018947 0.043158
4 0.205263 0.608947 0.018947 0.045263
4 0.393684 0.607368 0.018947 0.035789
4 0.338947 0.608947 0.016842 0.036842
4 0.313158 0.611579 0.017895 0.040000
4 0.746316 0.614211 0.018947 0.053684
4 0.916316 0.552105 0.020000 0.055789
3 0.610000 0.608421 0.024211 0.042105
3 0.637895 0.607368 0.018947 0.046316
3 0.694211 0.607368 0.022105 0.046316
2 0.674737 0.553684 0.021053 0.044211
3 0.798421 0.608947 0.020000 0.041053
3 0.824737 0.608421 0.022105 0.040000
4 0.852105 0.611053 0.022105 0.060000
3 0.476316 0.615263 0.022105 0.047368
3 0.502105 0.608947 0.018947 0.045263
3 0.447368 0.615789 0.021053 0.046316
3 0.260000 0.613158 0.016842 0.045263
3 0.540000 0.555263 0.021053 0.045263
3 0.513684 0.560000 0.016842 0.040000
3 0.457368 0.562105 0.024211 0.040000
3 0.351053 0.558421 0.022105 0.051579
