4 0.491053 0.047368 0.022105 0.052632
4 0.185789 0.107368 0.020000 0.042105
4 0.050000 0.107895 0.024211 0.043158
4 0.023158 0.107895 0.021053 0.045263
4 0.084737 0.214211 0.017895 0.055789
4 0.108421 0.208421 0.023158 0.063158
4 0.165789 0.211053 0.022105 0.057895
4 0.220526 0.213158 0.024211 0.053684
4 0.110526 0.381053 0.025263 0.061053
4 0.317895 0.442632 0.023158 0.057895
4 0.290526 0.438947 0.023158 0.056842
4 0.354737 0.377895 0.021053 0.058947
4 0.397895 0.434737 0.021053 0.058947
4 0.183158 0.436842 0.018947 0.058947
4 0.104211 0.435789 0.021053 0.052632
4 0.570526 0.383158 0.021053 0.054737
4 0.677895 0.380526 0.021053 0.055789
4 0.588421 0.268421 0.025263 0.056842
4 0.860000 0.271579 0.025263 0.054737
4 0.346316 0.271579 0.021053 0.056842
4 0.110000 0.545263 0.020000 0.058947
4 0.084211 0.548421 0.021053 0.058947
4 0.057368 0.549474 0.022105 0.058947
4 0.032105 0.548947 0.022105 0.060000
4 0.245263 0.547895 0.021053 0.057895
4 0.271579 0.548421 0.021053 0.058947
4 0.299474 0.548421 0.022105 0.058947
4 0.381053 0.547895 0.023158 0.057895
4 0.590000 0.604737 0.022105 0.057895
4 0.695789 0.604211 0.023158 0.054737
4 0.912632 0.601053 0.025263 0.056842
4 0.409474 0.712105 0.023158 0.057895
4 0.517895 0.712632 0.023158 0.058947
4 0.507368 0.767368 0.018947 0.056842
4 0.210000 0.770000 0.024211 0.057895
4 0.893158 0.713158 0.026316 0.064211
4 0.139474 0.546842 0.022105 0.062105
4 0.127895 0.603158 0.024211 0.054737
4 0.112105 0.879474 0.020000 0.053684
4 0.292632 0.104737 0.021053 0.055789
4 0.131053 0.107895 0.022105 0.045263
4 0.624737 0.040000 0.020000 0.056842
4 0.867895 0.045789 0.022105 0.057895
2 0.264737 0.106316 0.022105 0.044211
2 0.374737 0.109474 0.021053 0.046316
2 0.346316 0.109474 0.021053 0.048421
2 0.355789 0.055263 0.023158 0.047368
2 0.302105 0.047895 0.023158 0.047368
2 0.157368 0.106842 0.022105 0.043158
2 0.453684 0.099474 0.021053 0.051579
2 0.425789 0.105263 0.020000 0.050526
2 0.436316 0.050526 0.020000 0.048421
2 0.518947 0.047895 0.021053 0.049474
2 0.507895 0.099474 0.020000 0.049474
2 0.561053 0.106842 0.023158 0.049474
2 0.587895 0.103684 0.020000 0.049474
2 0.670000 0.097368 0.022105 0.051579
2 0.695789 0.098947 0.021053 0.048421
2 0.778421 0.102632 0.024211 0.051579
2 0.733684 0.051579 0.023158 0.044211
2 0.842105 0.043158 0.021053 0.050526
2 0.760526 0.046316 0.017895 0.050526
2 0.830526 0.097895 0.023158 0.050526
2 0.884211 0.102105 0.023158 0.046316
2 0.750000 0.098947 0.020000 0.050526
2 0.841053 0.213684 0.023158 0.050526
2 0.867895 0.215263 0.022105 0.047368
2 0.894737 0.216842 0.023158 0.046316
2 0.921579 0.214737 0.022105 0.046316
2 0.947895 0.215263 0.024211 0.047368
2 0.544211 0.213158 0.023158 0.047368
2 0.596316 0.213158 0.020000 0.045263
2 0.623684 0.214737 0.022105 0.046316
2 0.452105 0.270000 0.022105 0.047368
2 0.373158 0.264737 0.022105 0.045263
2 0.194737 0.382632 0.023158 0.045263
2 0.210000 0.433684 0.022105 0.046316
2 0.139474 0.390000 0.022105 0.045263
2 0.033684 0.390526 0.023158 0.046316
2 0.058947 0.385263 0.021053 0.048421
2 0.130000 0.440526 0.024211 0.045263
2 0.424737 0.441053 0.022105 0.046316
2 0.436316 0.382105 0.022105 0.046316
2 0.626842 0.382632 0.022105 0.049474
2 0.613158 0.430526 0.020000 0.044211
2 0.669474 0.436842 0.025263 0.046316
2 0.733684 0.383684 0.023158 0.049474
2 0.787368 0.376842 0.025263 0.052632
2 0.774737 0.436316 0.023158 0.049474
2 0.705789 0.549474 0.022105 0.046316
2 0.722105 0.604211 0.023158 0.048421
2 0.624737 0.547368 0.020000 0.046316
2 0.597895 0.549474 0.023158 0.046316
2 0.534737 0.607895 0.018947 0.049474
2 0.506316 0.602105 0.023158 0.052632
2 0.435263 0.555789 0.020000 0.048421
2 0.408947 0.554211 0.020000 0.047368
2 0.328947 0.553684 0.020000 0.046316
2 0.353684 0.547895 0.018947 0.047368
2 0.193158 0.553158 0.020000 0.047368
2 0.076316 0.610000 0.020000 0.047368
2 0.021053 0.604737 0.018947 0.043158
2 0.047895 0.603684 0.020000 0.045263
2 0.102105 0.607895 0.016842 0.047368
2 0.317368 0.605789 0.017895 0.045263
2 0.264211 0.597895 0.016842 0.044211
2 0.678947 0.554211 0.018947 0.049474
2 0.652105 0.551579 0.017895 0.044211
2 0.815263 0.548421 0.020000 0.048421
2 0.828947 0.604737 0.020000 0.047368
2 0.883158 0.601053 0.016842 0.044211
2 0.785789 0.547368 0.017895 0.042105
2 0.723158 0.429474 0.021053 0.044211
2 0.856842 0.432632 0.018947 0.046316
2 0.840000 0.378421 0.023158 0.045263
2 0.816316 0.377368 0.020000 0.049474
2 0.264211 0.265789 0.027368 0.047368
2 0.316842 0.262105 0.021053 0.046316
2 0.300526 0.217368 0.020000 0.047368
2 0.183684 0.266842 0.020000 0.045263
2 0.155263 0.266316 0.024211 0.048421
2 0.129474 0.272105 0.021053 0.047368
2 0.102105 0.268421 0.021053 0.046316
2 0.077368 0.268947 0.022105 0.043158
2 0.046316 0.272105 0.023158 0.049474
2 0.058947 0.213684 0.021053 0.046316
2 0.832105 0.265789 0.022105 0.047368
2 0.642105 0.429474 0.021053 0.046316
2 0.300526 0.386842 0.020000 0.047368
2 0.397895 0.767895 0.021053 0.045263
2 0.101053 0.766842 0.018947 0.047368
2 0.946842 0.720526 0.022105 0.045263
2 0.839474 0.712632 0.022105 0.052632
2 0.775789 0.770000 0.021053 0.047368
2 0.801579 0.771579 0.020000 0.046316
2 0.746316 0.762632 0.023158 0.045263
2 0.614737 0.773158 0.021053 0.049474
2 0.562105 0.773684 0.025263 0.050526
2 0.544737 0.717368 0.020000 0.041053
2 0.489474 0.710526 0.018947 0.044211
2 0.208421 0.939474 0.023158 0.049474
2 0.102105 0.934737 0.018947 0.048421
2 0.784737 0.883684 0.022105 0.047368
2 0.587368 0.938947 0.021053 0.052632
2 0.559474 0.933684 0.020000 0.052632
2 0.506316 0.935263 0.023158 0.053684
2 0.426842 0.932105 0.020000 0.051579
2 0.801579 0.935789 0.020000 0.048421
2 0.829474 0.933158 0.023158 0.051579
2 0.986316 0.708947 0.021053 0.051579
4 0.642632 0.603158 0.024211 0.058947
4 0.570526 0.714737 0.021053 0.054737
2 0.597895 0.718947 0.018947 0.042105
2 0.625263 0.710000 0.023158 0.043158
2 0.192632 0.714211 0.021053 0.049474
2 0.164737 0.712632 0.020000 0.044211
2 0.083158 0.718421 0.021053 0.047368
2 0.030526 0.717368 0.021053 0.043158
2 0.046316 0.766842 0.023158 0.049474
2 0.191053 0.880000 0.022105 0.048421
2 0.677895 0.713158 0.023158 0.049474
4 0.345263 0.606842 0.023158 0.053684
1 0.436316 0.714737 0.022105 0.058947
1 0.372632 0.768947 0.021053 0.053684
1 0.238947 0.436316 0.021053 0.051579
1 0.248421 0.376842 0.025263 0.052632
2 0.018421 0.934211 0.020000 0.045263
2 0.112632 0.713158 0.023158 0.043158
1 0.154211 0.767368 0.020000 0.054737
1 0.182105 0.770000 0.023158 0.055789
2 0.453684 0.439474 0.023158 0.043158
4 0.077895 0.436316 0.023158 0.053684
2 0.382632 0.211579 0.020000 0.046316
2 0.357368 0.213684 0.022105 0.044211
2 0.397368 0.604211 0.020000 0.046316
2 0.425263 0.604211 0.016842 0.044211
2 0.452632 0.604211 0.021053 0.046316
2 0.570526 0.554211 0.018947 0.043158
2 0.947368 0.538947 0.018947 0.042105
2 0.921579 0.547368 0.022105 0.048421
3 0.246842 0.884737 0.020000 0.043158
4 0.544211 0.048421 0.023158 0.052632
3 0.102632 0.104737 0.022105 0.041053
3 0.076842 0.105789 0.018947 0.038947
3 0.248947 0.217895 0.020000 0.046316
3 0.140526 0.213684 0.020000 0.046316
3 0.021053 0.270526 0.018947 0.044211
3 0.408947 0.212105 0.020000 0.043158
3 0.463684 0.213684 0.024211 0.042105
3 0.490000 0.213158 0.017895 0.038947
3 0.480000 0.263158 0.018947 0.044211
3 0.508421 0.267368 0.021053 0.046316
3 0.532632 0.265789 0.018947 0.043158
3 0.652105 0.220000 0.020000 0.048421
3 0.678947 0.214211 0.021053 0.049474
3 0.642632 0.096316 0.020000 0.049474
3 0.615263 0.102105 0.022105 0.052632
3 0.410000 0.047368 0.017895 0.048421
4 0.382632 0.048421 0.022105 0.050526
3 0.571579 0.039474 0.021053 0.047368
3 0.598421 0.043158 0.020000 0.046316
3 0.654211 0.041053 0.022105 0.046316
3 0.677895 0.037895 0.021053 0.048421
3 0.707368 0.040526 0.021053 0.051579
3 0.786842 0.040526 0.020000 0.053684
3 0.815263 0.041053 0.024211 0.050526
2 0.895263 0.045789 0.020000 0.051579
3 0.922105 0.044211 0.023158 0.052632
3 0.965263 0.050526 0.031579 0.056842
3 0.939474 0.102105 0.022105 0.048421
3 0.910526 0.100526 0.021053 0.045263
3 0.857895 0.100526 0.018947 0.045263
3 0.805263 0.097895 0.016842 0.046316
3 0.536316 0.100526 0.020000 0.051579
3 0.480526 0.095789 0.017895 0.048421
3 0.328947 0.214737 0.024211 0.046316
3 0.571053 0.211053 0.020000 0.049474
3 0.705263 0.216316 0.021053 0.055789
3 0.732632 0.208421 0.018947 0.046316
3 0.760526 0.211053 0.020000 0.049474
4 0.787368 0.214211 0.021053 0.051579
3 0.814211 0.217368 0.017895 0.043158
3 0.777368 0.264737 0.022105 0.045263
3 0.725263 0.268947 0.023158 0.049474
3 0.669474 0.265789 0.021053 0.047368
3 0.641579 0.267895 0.020000 0.045263
3 0.651053 0.383684 0.020000 0.045263
3 0.400000 0.263684 0.021053 0.045263
3 0.047368 0.438421 0.023158 0.045263
3 0.156842 0.432632 0.023158 0.046316
3 0.328947 0.384737 0.020000 0.047368
3 0.407895 0.380000 0.020000 0.040000
3 0.382105 0.378947 0.021053 0.050526
3 0.529474 0.427895 0.016842 0.043158
3 0.558947 0.432632 0.021053 0.044211
3 0.489474 0.383158 0.016842 0.042105
3 0.462632 0.385789 0.020000 0.045263
3 0.692105 0.431579 0.022105 0.044211
3 0.747895 0.434737 0.022105 0.044211
3 0.865263 0.379474 0.023158 0.049474
3 0.894211 0.381579 0.024211 0.051579
3 0.923158 0.378947 0.023158 0.050526
3 0.947368 0.385263 0.023158 0.046316
3 0.938947 0.433684 0.021053 0.044211
3 0.913158 0.436842 0.024211 0.048421
3 0.910000 0.264211 0.020000 0.044211
3 0.839474 0.552632 0.022105 0.046316
3 0.865263 0.547368 0.021053 0.044211
3 0.894211 0.543158 0.022105 0.048421
3 0.855263 0.601579 0.020000 0.043158
3 0.813684 0.713158 0.021053 0.047368
3 0.867895 0.710000 0.020000 0.049474
3 0.704211 0.710526 0.021053 0.042105
3 0.730526 0.716316 0.016842 0.041053
3 0.693158 0.761579 0.020000 0.043158
3 0.666316 0.764737 0.023158 0.049474
3 0.651053 0.716316 0.017895 0.049474
3 0.381579 0.715263 0.017895 0.041053
3 0.316842 0.768421 0.016842 0.048421
3 0.288421 0.768947 0.023158 0.049474
3 0.274737 0.718421 0.018947 0.043158
3 0.302105 0.718421 0.018947 0.047368
3 0.328947 0.716842 0.022105 0.042105
3 0.354211 0.713158 0.020000 0.047368
3 0.246316 0.718421 0.021053 0.049474
3 0.220000 0.716316 0.018947 0.049474
3 0.154737 0.599474 0.016842 0.045263
3 0.182632 0.599474 0.017895 0.043158
3 0.237368 0.597895 0.024211 0.044211
3 0.371579 0.601053 0.021053 0.046316
3 0.518421 0.551053 0.020000 0.047368
3 0.543684 0.551053 0.020000 0.047368
3 0.463684 0.553158 0.017895 0.049474
3 0.481053 0.436316 0.021053 0.043158
3 0.944737 0.885789 0.024211 0.047368
3 0.775789 0.931579 0.018947 0.048421
3 0.722632 0.934737 0.022105 0.052632
3 0.693684 0.939474 0.018947 0.049474
3 0.666842 0.934211 0.024211 0.051579
3 0.316842 0.931579 0.023158 0.050526
3 0.396842 0.933684 0.023158 0.050526
3 0.290526 0.933684 0.023158 0.050526
3 0.264737 0.941053 0.022105 0.050526
3 0.236842 0.938421 0.023158 0.051579
3 0.154737 0.938947 0.025263 0.050526
3 0.182105 0.935263 0.023158 0.057895
3 0.046842 0.930000 0.024211 0.051579
3 0.532632 0.936842 0.023158 0.054737
3 0.137368 0.880526 0.017895 0.049474
3 0.164211 0.881053 0.021053 0.054737
