2 0.050000 0.108421 0.020000 0.044211
2 0.132105 0.101053 0.022105 0.048421
2 0.293684 0.103158 0.025263 0.052632
2 0.317368 0.110000 0.022105 0.047368
2 0.508421 0.104737 0.021053 0.045263
2 0.454737 0.103684 0.023158 0.049474
2 0.545789 0.052105 0.017895 0.045263
2 0.789474 0.047895 0.018947 0.043158
2 0.813684 0.052632 0.021053 0.046316
2 0.885789 0.098421 0.020000 0.043158
2 0.778421 0.104737 0.024211 0.045263
2 0.802632 0.102632 0.017895 0.047368
2 0.734737 0.044737 0.021053 0.047368
2 0.976316 0.048421 0.024211 0.046316
2 0.968947 0.102632 0.024211 0.049474
2 0.615263 0.105263 0.022105 0.040000
2 0.642632 0.102632 0.020000 0.045263
2 0.491053 0.214211 0.024211 0.051579
2 0.562105 0.267895 0.021053 0.045263
2 0.535789 0.268947 0.023158 0.047368
2 0.428421 0.266316 0.023158 0.048421
2 0.399474 0.261579 0.024211 0.047368
2 0.347368 0.264211 0.021053 0.046316
2 0.384211 0.212105 0.023158 0.043158
2 0.435789 0.208421 0.023158 0.046316
2 0.047895 0.272632 0.020000 0.044211
2 0.076316 0.270526 0.017895 0.044211
2 0.196316 0.217368 0.017895 0.043158
2 0.130000 0.271053 0.024211 0.045263
2 0.211579 0.271053 0.023158 0.045263
2 0.266316 0.268421 0.023158 0.048421
2 0.087368 0.385789 0.021053 0.043158
2 0.113158 0.385789 0.020000 0.043158
2 0.167895 0.378947 0.022105 0.044211
2 0.007895 0.396842 0.013684 0.042105
2 0.248421 0.387895 0.025263 0.047368
2 0.303158 0.387368 0.021053 0.044211
2 0.383684 0.386842 0.022105 0.045263
2 0.375789 0.437368 0.021053 0.047368
2 0.292105 0.440000 0.020000 0.048421
2 0.050000 0.607895 0.024211 0.049474
2 0.129474 0.612105 0.023158 0.047368
2 0.237895 0.609474 0.021053 0.046316
2 0.319474 0.605263 0.022105 0.048421
2 0.600000 0.556842 0.021053 0.048421
2 0.625789 0.547895 0.020000 0.047368
2 0.681579 0.553684 0.020000 0.050526
2 0.707368 0.547368 0.023158 0.048421
2 0.697368 0.610526 0.024211 0.052632
2 0.670000 0.603684 0.022105 0.049474
2 0.813684 0.551053 0.021053 0.053684
2 0.804211 0.600526 0.018947 0.045263
2 0.830000 0.597895 0.020000 0.046316
2 0.780000 0.598421 0.018947 0.045263
2 0.831053 0.435789 0.024211 0.050526
2 0.787368 0.393684 0.021053 0.048421
2 0.815263 0.384211 0.020000 0.046316
2 0.842105 0.382632 0.021053 0.047368
2 0.869474 0.385789 0.018947 0.047368
2 0.896842 0.388421 0.021053 0.046316
2 0.617895 0.438947 0.023158 0.046316
2 0.590000 0.440000 0.022105 0.048421
2 0.545789 0.383158 0.020000 0.048421
2 0.627895 0.384737 0.024211 0.045263
2 0.601053 0.378421 0.018947 0.045263
2 0.680000 0.387368 0.021053 0.044211
2 0.703158 0.385789 0.023158 0.047368
2 0.519474 0.382632 0.022105 0.051579
2 0.437368 0.383158 0.017895 0.048421
2 0.518421 0.551053 0.022105 0.053684
2 0.941053 0.610000 0.021053 0.047368
2 0.913684 0.605263 0.021053 0.046316
2 0.970526 0.610000 0.021053 0.049474
2 0.858421 0.597895 0.022105 0.046316
2 0.411053 0.544737 0.020000 0.047368
2 0.870000 0.048947 0.022105 0.049474
2 0.059474 0.721579 0.022105 0.043158
2 0.033158 0.717368 0.024211 0.045263
2 0.008947 0.714211 0.015789 0.047368
2 0.238421 0.771053 0.024211 0.047368
2 0.157895 0.766842 0.025263 0.043158
2 0.194737 0.878947 0.021053 0.046316
2 0.032105 0.887895 0.022105 0.047368
2 0.047895 0.936316 0.022105 0.047368
2 0.102632 0.938947 0.022105 0.050526
2 0.008947 0.892105 0.015789 0.047368
2 0.183158 0.937895 0.025263 0.048421
2 0.410000 0.717895 0.022105 0.046316
2 0.437368 0.714737 0.022105 0.046316
2 0.518421 0.718421 0.022105 0.043158
2 0.572105 0.719474 0.022105 0.047368
2 0.563158 0.770526 0.021053 0.044211
2 0.588947 0.771579 0.017895 0.046316
2 0.654211 0.717368 0.024211 0.051579
2 0.761053 0.718947 0.021053 0.048421
2 0.814737 0.715263 0.021053 0.047368
2 0.869474 0.714737 0.021053 0.044211
2 0.697368 0.773684 0.024211 0.050526
2 0.670526 0.773158 0.021053 0.049474
2 0.681579 0.887895 0.020000 0.051579
2 0.707368 0.881579 0.021053 0.045263
2 0.598421 0.878421 0.022105 0.051579
2 0.643684 0.936842 0.022105 0.050526
2 0.669474 0.940000 0.023158 0.048421
2 0.517895 0.887895 0.018947 0.045263
2 0.491053 0.887368 0.022105 0.046316
2 0.411579 0.885263 0.018947 0.044211
2 0.437895 0.880000 0.021053 0.048421
2 0.464211 0.882105 0.023158 0.050526
2 0.381579 0.887368 0.022105 0.048421
2 0.221053 0.887895 0.021053 0.045263
2 0.923684 0.885263 0.020000 0.050526
2 0.940000 0.765263 0.023158 0.048421
2 0.841053 0.886842 0.021053 0.047368
2 0.884211 0.939474 0.018947 0.051579
2 0.776316 0.943158 0.024211 0.050526
4 0.436842 0.050000 0.021053 0.053684
4 0.490526 0.047368 0.025263 0.054737
4 0.574737 0.044211 0.023158 0.058947
4 0.625263 0.048947 0.021053 0.055789
4 0.680526 0.045789 0.020000 0.055789
4 0.707895 0.046842 0.026316 0.053684
4 0.842632 0.051053 0.022105 0.053684
4 0.562632 0.104737 0.026316 0.053684
4 0.371579 0.267368 0.023158 0.056842
4 0.464211 0.206316 0.023158 0.058947
4 0.858947 0.106842 0.023158 0.055789
4 0.942632 0.106842 0.022105 0.057895
4 0.922105 0.048421 0.021053 0.056842
4 0.887368 0.273684 0.023158 0.054737
4 0.922105 0.215789 0.023158 0.056842
4 0.942105 0.268947 0.018947 0.053684
4 0.871053 0.209474 0.020000 0.058947
4 0.858947 0.266316 0.021053 0.054737
4 0.752105 0.269474 0.024211 0.058947
4 0.482105 0.268947 0.021053 0.053684
4 0.275263 0.383158 0.026316 0.058947
4 0.158421 0.272632 0.026316 0.050526
4 0.571579 0.213684 0.023158 0.056842
4 0.860526 0.434737 0.026316 0.054737
4 0.915789 0.441053 0.023158 0.054737
4 0.967368 0.438421 0.021053 0.062105
4 0.466316 0.545263 0.023158 0.058947
4 0.437368 0.544211 0.022105 0.056842
4 0.383684 0.547895 0.020000 0.051579
4 0.356316 0.547368 0.020000 0.056842
4 0.328947 0.550000 0.020000 0.051579
4 0.302632 0.548421 0.022105 0.058947
4 0.247895 0.548947 0.022105 0.057895
4 0.221579 0.552632 0.020000 0.056842
4 0.168947 0.546316 0.020000 0.056842
4 0.087895 0.548421 0.024211 0.054737
4 0.356316 0.715789 0.022105 0.061053
4 0.060000 0.555789 0.023158 0.056842
4 0.103684 0.443684 0.024211 0.057895
4 0.186316 0.438421 0.023158 0.057895
4 0.239474 0.442105 0.024211 0.056842
4 0.402105 0.441053 0.023158 0.056842
4 0.455789 0.441053 0.023158 0.056842
4 0.482632 0.444211 0.024211 0.056842
4 0.537368 0.440526 0.026316 0.060000
4 0.940526 0.441579 0.024211 0.057895
4 0.895263 0.548421 0.022105 0.058947
4 0.950000 0.553158 0.024211 0.057895
4 0.869474 0.548421 0.021053 0.050526
4 0.841053 0.542105 0.023158 0.058947
4 0.267895 0.603684 0.022105 0.055789
4 0.158421 0.440000 0.022105 0.058947
4 0.213684 0.440526 0.023158 0.057895
4 0.572632 0.384211 0.023158 0.056842
4 0.762105 0.046316 0.021053 0.050526
4 0.185263 0.108421 0.023158 0.046316
4 0.267895 0.439474 0.024211 0.051579
4 0.465263 0.380526 0.021053 0.057895
1 0.428421 0.440526 0.025263 0.053684
4 0.320000 0.438421 0.025263 0.053684
1 0.078421 0.438947 0.022105 0.052632
2 0.426842 0.937895 0.022105 0.052632
2 0.652632 0.883158 0.021053 0.048421
1 0.130526 0.773158 0.023158 0.053684
1 0.751579 0.774211 0.023158 0.055789
1 0.912632 0.770526 0.025263 0.052632
1 0.514211 0.145263 0.053684 0.023158
4 0.656842 0.150526 0.052632 0.023158
4 0.724211 0.099474 0.021053 0.049474
4 0.617368 0.937895 0.024211 0.061053
4 0.086316 0.876316 0.018947 0.051579
4 0.428421 0.774211 0.025263 0.057895
4 0.275789 0.881053 0.023158 0.056842
4 0.248421 0.882632 0.023158 0.060000
2 0.788421 0.214211 0.021053 0.043158
2 0.813158 0.213158 0.020000 0.045263
2 0.841579 0.218421 0.022105 0.041053
2 0.804737 0.267368 0.026316 0.048421
2 0.274737 0.212632 0.021053 0.046316
2 0.246316 0.212632 0.021053 0.048421
2 0.356316 0.212105 0.024211 0.047368
3 0.330526 0.053158 0.021053 0.043158
3 0.104737 0.106316 0.024211 0.042105
3 0.076316 0.105789 0.020000 0.041053
3 0.022632 0.110526 0.024211 0.048421
3 0.479474 0.109474 0.020000 0.048421
3 0.536316 0.102105 0.020000 0.048421
3 0.601053 0.047895 0.023158 0.049474
3 0.465263 0.046316 0.018947 0.050526
3 0.653158 0.052105 0.020000 0.045263
3 0.951053 0.049474 0.020000 0.044211
3 0.830000 0.101579 0.015789 0.043158
3 0.696842 0.100000 0.018947 0.040000
3 0.590526 0.099474 0.021053 0.041053
3 0.165789 0.214737 0.020000 0.044211
3 0.411579 0.209474 0.018947 0.042105
3 0.428421 0.157368 0.042105 0.024211
3 0.600526 0.214211 0.020000 0.045263
3 0.627895 0.215263 0.022105 0.043158
3 0.680526 0.212632 0.017895 0.037895
3 0.704211 0.215789 0.021053 0.048421
3 0.734737 0.215263 0.021053 0.043158
3 0.758421 0.209474 0.020000 0.048421
3 0.897368 0.216842 0.020000 0.040000
3 0.831053 0.267895 0.017895 0.045263
3 0.724211 0.268947 0.018947 0.043158
3 0.667895 0.265263 0.020000 0.046316
3 0.510526 0.267368 0.021053 0.044211
3 0.318421 0.265263 0.024211 0.044211
3 0.102632 0.270000 0.022105 0.045263
3 0.018947 0.270526 0.021053 0.046316
3 0.222105 0.383158 0.021053 0.037895
4 0.413158 0.378421 0.017895 0.047368
3 0.732632 0.385789 0.021053 0.043158
3 0.804211 0.438421 0.027368 0.045263
3 0.752632 0.437895 0.021053 0.040000
3 0.723158 0.437895 0.023158 0.042105
4 0.695789 0.436842 0.021053 0.042105
3 0.670526 0.434737 0.018947 0.042105
3 0.643158 0.438421 0.023158 0.045263
4 0.050526 0.434211 0.023158 0.043158
3 0.025789 0.436316 0.028421 0.043158
3 0.923158 0.383158 0.021053 0.044211
3 0.642105 0.603684 0.018947 0.041053
3 0.616842 0.604737 0.018947 0.041053
3 0.562105 0.601579 0.018947 0.043158
3 0.534211 0.602105 0.022105 0.042105
3 0.399474 0.600000 0.020000 0.044211
3 0.373684 0.603684 0.018947 0.043158
3 0.157895 0.602632 0.018947 0.047368
3 0.141053 0.550000 0.021053 0.045263
2 0.105263 0.611579 0.023158 0.046316
2 0.113158 0.552105 0.020000 0.055789
2 0.789474 0.718947 0.018947 0.044211
4 0.249474 0.716842 0.021053 0.052632
3 0.085789 0.711053 0.017895 0.045263
3 0.075789 0.768421 0.018947 0.046316
3 0.140000 0.721579 0.018947 0.043158
3 0.166842 0.717895 0.017895 0.048421
3 0.221579 0.721579 0.017895 0.043158
3 0.275789 0.711053 0.018947 0.045263
3 0.318947 0.764211 0.018947 0.044211
3 0.329474 0.714737 0.018947 0.046316
3 0.401579 0.774737 0.020000 0.048421
3 0.455263 0.765789 0.017895 0.043158
3 0.481053 0.766316 0.018947 0.040000
3 0.507368 0.767895 0.021053 0.045263
3 0.545789 0.718947 0.017895 0.048421
2 0.599474 0.719474 0.020000 0.045263
3 0.723684 0.768947 0.022105 0.047368
3 0.641053 0.772632 0.023158 0.046316
3 0.857368 0.766842 0.020000 0.049474
3 0.832632 0.767368 0.018947 0.050526
3 0.805263 0.768421 0.021053 0.044211
3 0.779474 0.767368 0.022105 0.048421
3 0.884737 0.604211 0.022105 0.044211
3 0.291579 0.608947 0.018947 0.049474
3 0.968947 0.262105 0.024211 0.046316
3 0.914737 0.268947 0.025263 0.047368
