3 0.028421 0.113158 0.014737 0.041053
3 0.082105 0.110000 0.018947 0.045263
3 0.110000 0.112632 0.015789 0.042105
3 0.137368 0.118421 0.017895 0.045263
3 0.162632 0.114211 0.017895 0.043158
3 0.192105 0.116316 0.017895 0.045263
3 0.218947 0.114211 0.016842 0.045263
3 0.245263 0.115263 0.021053 0.047368
3 0.272105 0.114211 0.020000 0.053684
3 0.298421 0.114211 0.017895 0.051579
3 0.325263 0.118421 0.016842 0.045263
3 0.353158 0.120000 0.015789 0.044211
3 0.379474 0.118947 0.017895 0.046316
3 0.433158 0.115789 0.017895 0.046316
3 0.485789 0.115263 0.020000 0.047368
3 0.542632 0.116316 0.015789 0.045263
3 0.568947 0.115263 0.017895 0.045263
3 0.623684 0.116842 0.020000 0.044211
3 0.677895 0.110526 0.016842 0.044211
3 0.704737 0.121053 0.015789 0.044211
3 0.758421 0.115789 0.015789 0.044211
3 0.477895 0.170526 0.018947 0.052632
3 0.422632 0.172105 0.020000 0.045263
3 0.395263 0.168421 0.017895 0.044211
3 0.370526 0.167895 0.018947 0.045263
3 0.315789 0.175789 0.016842 0.048421
3 0.288947 0.168421 0.017895 0.050526
3 0.261053 0.165789 0.018947 0.045263
3 0.235789 0.168421 0.018947 0.050526
3 0.207895 0.167895 0.017895 0.047368
3 0.182105 0.167368 0.016842 0.044211
3 0.127368 0.166316 0.021053 0.050526
3 0.102105 0.162105 0.018947 0.054737
3 0.073158 0.161053 0.020000 0.056842
3 0.046316 0.161579 0.016842 0.049474
3 0.107895 0.268421 0.017895 0.052632
3 0.081053 0.266316 0.018947 0.056842
3 0.054737 0.265789 0.016842 0.053684
3 0.029474 0.281053 0.016842 0.046316
3 0.136842 0.275263 0.021053 0.047368
3 0.162105 0.275789 0.018947 0.044211
3 0.193158 0.281579 0.017895 0.043158
3 0.218421 0.274211 0.017895 0.043158
3 0.270526 0.266842 0.018947 0.045263
3 0.296842 0.276316 0.018947 0.045263
3 0.325263 0.276316 0.018947 0.045263
3 0.352632 0.287895 0.018947 0.043158
3 0.378947 0.280526 0.018947 0.055789
3 0.404737 0.279474 0.017895 0.045263
3 0.486316 0.281053 0.016842 0.046316
3 0.513158 0.280000 0.017895 0.044211
3 0.540000 0.280000 0.016842 0.044211
3 0.568947 0.277895 0.017895 0.048421
3 0.594211 0.286842 0.015789 0.045263
3 0.621579 0.283684 0.017895 0.043158
3 0.675789 0.281053 0.018947 0.042105
3 0.704211 0.281579 0.018947 0.043158
3 0.731053 0.282632 0.020000 0.045263
3 0.756842 0.282632 0.016842 0.045263
3 0.783684 0.282105 0.017895 0.046316
3 0.810000 0.279474 0.017895 0.047368
3 0.837368 0.282632 0.017895 0.055789
3 0.863684 0.280000 0.017895 0.046316
3 0.892105 0.281579 0.020000 0.047368
3 0.945789 0.283684 0.017895 0.047368
3 0.908947 0.336842 0.022105 0.052632
3 0.882632 0.339474 0.017895 0.047368
3 0.854211 0.332105 0.017895 0.045263
3 0.826842 0.337368 0.020000 0.047368
3 0.773684 0.334737 0.018947 0.048421
3 0.746842 0.330000 0.020000 0.047368
3 0.718421 0.334737 0.017895 0.046316
3 0.693684 0.332105 0.018947 0.045263
3 0.640526 0.335263 0.017895 0.049474
3 0.612105 0.340000 0.022105 0.048421
3 0.584211 0.335263 0.018947 0.047368
3 0.556842 0.334737 0.018947 0.044211
3 0.528947 0.333158 0.020000 0.049474
3 0.501579 0.338947 0.020000 0.050526
3 0.473684 0.335789 0.018947 0.046316
3 0.268947 0.503158 0.043158 0.025263
3 0.457368 0.449474 0.017895 0.044211
3 0.486316 0.446842 0.018947 0.049474
3 0.513684 0.446842 0.018947 0.043158
3 0.541579 0.446842 0.017895 0.051579
3 0.568947 0.442632 0.015789 0.041053
3 0.621579 0.452105 0.020000 0.047368
3 0.649474 0.453684 0.016842 0.042105
3 0.674737 0.448421 0.018947 0.044211
3 0.729474 0.446842 0.018947 0.047368
3 0.757895 0.448947 0.018947 0.049474
3 0.783684 0.445789 0.017895 0.049474
3 0.810000 0.445789 0.020000 0.047368
3 0.451053 0.500526 0.017895 0.051579
3 0.503158 0.505263 0.018947 0.046316
3 0.528947 0.496316 0.017895 0.043158
3 0.584211 0.499474 0.018947 0.047368
3 0.611053 0.501579 0.020000 0.045263
3 0.638421 0.501053 0.017895 0.040000
3 0.664737 0.499474 0.015789 0.041053
3 0.692105 0.502105 0.020000 0.042105
3 0.718947 0.500526 0.018947 0.053684
3 0.746842 0.501053 0.017895 0.042105
3 0.799474 0.504737 0.020000 0.043158
3 0.826316 0.506316 0.018947 0.044211
3 0.853158 0.503684 0.020000 0.047368
3 0.880526 0.504211 0.020000 0.048421
3 0.908947 0.501053 0.022105 0.044211
3 0.934211 0.498421 0.020000 0.047368
3 0.960526 0.502632 0.020000 0.047368
3 0.918421 0.443684 0.017895 0.049474
3 0.944211 0.447895 0.016842 0.049474
3 0.970526 0.446316 0.021053 0.050526
3 0.258421 0.602105 0.045263 0.021053
3 0.197895 0.717368 0.052632 0.020000
3 0.274211 0.861053 0.049474 0.021053
3 0.221579 0.855263 0.049474 0.024211
3 0.037368 0.611579 0.043158 0.021053
3 0.273158 0.905263 0.049474 0.018947
3 0.221579 0.904737 0.047368 0.020000
3 0.228947 0.970526 0.045263 0.021053
3 0.202105 0.993158 0.046316 0.013684
3 0.502632 0.837895 0.020000 0.052632
3 0.556316 0.833684 0.017895 0.044211
3 0.582632 0.830526 0.015789 0.044211
3 0.610526 0.829474 0.016842 0.042105
3 0.635263 0.827895 0.015789 0.038947
3 0.566842 0.783158 0.017895 0.037895
3 0.557368 0.671053 0.015789 0.043158
3 0.458947 0.622632 0.018947 0.043158
3 0.485789 0.621579 0.020000 0.041053
3 0.511579 0.612632 0.016842 0.052632
3 0.538947 0.614211 0.018947 0.053684
3 0.567368 0.612105 0.016842 0.043158
3 0.594737 0.608947 0.016842 0.038947
3 0.621053 0.611053 0.018947 0.045263
3 0.648421 0.615789 0.016842 0.040000
3 0.674737 0.609474 0.018947 0.052632
3 0.702632 0.617368 0.017895 0.045263
3 0.730526 0.613684 0.016842 0.044211
3 0.757368 0.612632 0.015789 0.040000
3 0.811053 0.614211 0.020000 0.047368
3 0.836842 0.614211 0.014737 0.041053
3 0.863158 0.616842 0.018947 0.044211
3 0.889474 0.616316 0.021053 0.047368
3 0.917368 0.613158 0.017895 0.047368
3 0.942632 0.613684 0.020000 0.046316
3 0.799474 0.662105 0.017895 0.037895
3 0.665789 0.674211 0.017895 0.038947
3 0.583684 0.669474 0.017895 0.042105
3 0.675789 0.779474 0.018947 0.043158
3 0.756316 0.782632 0.017895 0.045263
3 0.862105 0.780000 0.016842 0.054737
3 0.878421 0.834737 0.020000 0.044211
3 0.971053 0.783684 0.017895 0.045263
3 0.988421 0.833684 0.018947 0.054737
3 0.961579 0.667368 0.020000 0.044211
3 0.933684 0.670526 0.018947 0.046316
3 0.881579 0.664211 0.020000 0.044211
3 0.529474 0.166316 0.018947 0.046316
3 0.558421 0.166842 0.017895 0.043158
3 0.584737 0.167368 0.020000 0.044211
3 0.612105 0.166842 0.017895 0.045263
3 0.666842 0.167368 0.020000 0.046316
3 0.720526 0.173684 0.022105 0.046316
3 0.746842 0.166316 0.022105 0.048421
3 0.801053 0.166842 0.021053 0.045263
3 0.828421 0.168947 0.023158 0.047368
3 0.774737 0.175789 0.021053 0.048421
3 0.882632 0.170000 0.020000 0.047368
3 0.865789 0.116842 0.022105 0.046316
3 0.936842 0.164737 0.021053 0.051579
3 0.961053 0.168947 0.018947 0.045263
3 0.946316 0.115263 0.018947 0.045263
3 0.511053 0.950000 0.017895 0.049474
3 0.754737 0.946316 0.018947 0.048421
3 0.807895 0.947368 0.017895 0.046316
3 0.835263 0.946316 0.020000 0.056842
1 0.251579 0.474737 0.052632 0.023158
1 0.202632 0.663684 0.045263 0.022105
1 0.195263 0.691579 0.053684 0.023158
1 0.226316 0.881579 0.052632 0.022105
1 0.255789 0.993158 0.046316 0.013684
1 0.784211 0.617895 0.018947 0.048421
1 0.775263 0.506316 0.020000 0.054737
1 0.558947 0.504737 0.018947 0.051579
1 0.595789 0.448947 0.021053 0.053684
1 0.838421 0.451053 0.024211 0.051579
1 0.864211 0.447368 0.018947 0.044211
1 0.891053 0.447895 0.020000 0.051579
1 0.990000 0.334737 0.020000 0.050526
1 0.666842 0.336316 0.022105 0.051579
1 0.802105 0.335263 0.021053 0.051579
1 0.450000 0.336316 0.020000 0.051579
1 0.909474 0.167895 0.021053 0.051579
1 0.513684 0.115789 0.018947 0.048421
1 0.594211 0.112632 0.020000 0.048421
1 0.343158 0.172105 0.021053 0.055789
1 0.920526 0.111053 0.020000 0.051579
3 0.972632 0.281579 0.016842 0.047368
