3 0.034211 0.782105 0.032632 0.012632
3 0.036842 0.760526 0.029474 0.011579
3 0.070526 0.761579 0.027368 0.011579
3 0.107895 0.760526 0.028421 0.013684
2 0.141579 0.761053 0.030526 0.014737
3 0.178421 0.760526 0.028421 0.015789
1 0.253684 0.780526 0.073684 0.020000
3 0.319474 0.771579 0.055789 0.014737
3 0.248421 0.762105 0.029474 0.012632
3 0.213158 0.760526 0.032632 0.013684
3 0.383158 0.761053 0.031579 0.014737
3 0.566316 0.763158 0.033684 0.014737
6 0.479474 0.859474 0.030526 0.045263
3 0.377895 0.942105 0.031579 0.014737
3 0.336842 0.945263 0.029474 0.014737
3 0.272105 0.928421 0.032632 0.014737
3 0.468947 0.692632 0.013684 0.031579
3 0.491579 0.669474 0.012632 0.029474
3 0.467368 0.647368 0.014737 0.033684
3 0.446316 0.657895 0.014737 0.035789
3 0.468947 0.604737 0.013684 0.030526
3 0.446842 0.592632 0.013684 0.031579
3 0.446842 0.555789 0.013684 0.035789
3 0.471053 0.552105 0.015789 0.034737
3 0.491579 0.544211 0.014737 0.033684
3 0.491053 0.497895 0.013684 0.033684
2 0.470526 0.489474 0.012632 0.031579
2 0.448421 0.463684 0.014737 0.034737
3 0.471053 0.432105 0.013684 0.032632
3 0.493158 0.457368 0.013684 0.034737
3 0.471053 0.386316 0.013684 0.031579
2 0.470000 0.346316 0.013684 0.033684
3 0.449474 0.330526 0.014737 0.033684
3 0.469474 0.309474 0.014737 0.033684
3 0.468421 0.230526 0.012632 0.031579
3 0.493158 0.197895 0.013684 0.029474
2 0.471579 0.183158 0.014737 0.033684
3 0.469474 0.270526 0.014737 0.031579
3 0.493158 0.328947 0.013684 0.028421
3 0.492632 0.295263 0.012632 0.030526
2 0.473684 0.130000 0.012632 0.032632
3 0.494211 0.124211 0.013684 0.031579
3 0.472105 0.085263 0.011579 0.033684
3 0.495263 0.014211 0.011579 0.026316
3 0.452105 0.025263 0.011579 0.025263
3 0.491579 0.635263 0.014737 0.032632
3 0.541579 0.968947 0.026316 0.013684
3 0.638947 0.777895 0.040000 0.014737
3 0.611053 0.762632 0.030526 0.011579
3 0.654211 0.761579 0.028421 0.013684
3 0.695789 0.761053 0.031579 0.014737
3 0.730526 0.761579 0.027368 0.013684
3 0.766842 0.762632 0.030526 0.013684
3 0.802632 0.762632 0.030526 0.013684
3 0.837368 0.762105 0.030526 0.012632
3 0.870000 0.762632 0.026316 0.011579
3 0.879474 0.901579 0.032632 0.013684
3 0.841579 0.920526 0.030526 0.013684
3 0.894737 0.921579 0.031579 0.013684
3 0.909474 0.942105 0.031579 0.014737
3 0.788421 0.968947 0.031579 0.013684
3 0.746842 0.968947 0.032632 0.013684
3 0.707895 0.969474 0.028421 0.012632
1 0.990526 0.094737 0.018947 0.044211
3 0.991579 0.157368 0.016842 0.045263
