3 0.225789 0.886316 0.013684 0.031579
3 0.223684 0.846842 0.015789 0.034737
3 0.225263 0.801579 0.014737 0.034737
2 0.225263 0.760526 0.012632 0.030526
3 0.224737 0.713158 0.013684 0.030526
3 0.225263 0.669474 0.014737 0.035789
3 0.225789 0.558947 0.013684 0.029474
3 0.224737 0.591053 0.011579 0.026316
3 0.181053 0.596842 0.014737 0.033684
3 0.178421 0.513158 0.011579 0.032632
2 0.224737 0.458421 0.015789 0.034737
3 0.224737 0.422105 0.013684 0.031579
3 0.180000 0.471053 0.012632 0.032632
3 0.180526 0.436842 0.013684 0.029474
3 0.179474 0.402632 0.011579 0.030526
3 0.182105 0.672632 0.012632 0.033684
3 0.182105 0.636316 0.012632 0.032632
3 0.223684 0.382632 0.013684 0.032632
3 0.223684 0.340526 0.013684 0.030526
3 0.224737 0.299474 0.015789 0.030526
3 0.224211 0.263684 0.012632 0.032632
3 0.225789 0.221579 0.013684 0.030526
1 0.272105 0.095263 0.038947 0.015789
3 0.306842 0.094737 0.028421 0.014737
3 0.340000 0.095263 0.031579 0.013684
4 0.379474 0.095263 0.034737 0.015789
3 0.414211 0.094211 0.032632 0.015789
2 0.446316 0.094737 0.031579 0.014737
3 0.478947 0.094737 0.031579 0.012632
4 0.515789 0.095263 0.031579 0.013684
2 0.553684 0.093158 0.035789 0.013684
3 0.324737 0.019474 0.030526 0.013684
3 0.601053 0.092632 0.031579 0.014737
3 0.635263 0.092105 0.032632 0.015789
3 0.695263 0.142105 0.015789 0.031579
3 0.694211 0.173684 0.013684 0.029474
2 0.695263 0.205263 0.015789 0.031579
3 0.741579 0.268421 0.015789 0.033684
2 0.742105 0.301053 0.016842 0.031579
2 0.696842 0.243684 0.014737 0.032632
3 0.741053 0.231053 0.014737 0.022105
3 0.742105 0.363158 0.012632 0.033684
3 0.743158 0.399474 0.014737 0.030526
2 0.741579 0.449474 0.013684 0.035789
3 0.742105 0.486842 0.014737 0.032632
3 0.742105 0.614211 0.014737 0.032632
4 0.742632 0.656316 0.013684 0.047368
3 0.698947 0.672105 0.014737 0.032632
3 0.696842 0.711579 0.012632 0.031579
3 0.697368 0.774737 0.011579 0.031579
3 0.696316 0.808947 0.011579 0.028421
3 0.201053 0.967895 0.012632 0.032632
3 0.797368 0.093158 0.032632 0.013684
3 0.833684 0.092105 0.033684 0.015789
2 0.869474 0.092105 0.033684 0.015789
2 0.820526 0.016842 0.034737 0.014737
3 0.857895 0.016842 0.029474 0.014737
3 0.718947 0.017895 0.031579 0.014737
3 0.637368 0.018421 0.030526 0.011579
3 0.526316 0.018421 0.029474 0.011579
3 0.357368 0.020000 0.026316 0.012632
3 0.082105 0.096316 0.029474 0.013684
3 0.048421 0.096842 0.033684 0.012632
3 0.178947 0.222632 0.012632 0.028421
