3 0.125263 0.717895 0.016842 0.033684
3 0.126842 0.665789 0.015789 0.032632
3 0.110526 0.653684 0.016842 0.033684
2 0.109474 0.613684 0.016842 0.037895
3 0.127368 0.616316 0.016842 0.032632
3 0.127368 0.567895 0.014737 0.032632
3 0.109474 0.561053 0.014737 0.033684
3 0.110000 0.517368 0.015789 0.032632
3 0.127368 0.505263 0.016842 0.033684
2 0.096842 0.380000 0.014737 0.029474
1 0.050000 0.386316 0.015789 0.037895
3 0.071579 0.331053 0.014737 0.034737
3 0.070526 0.274737 0.012632 0.029474
3 0.221579 0.397895 0.032632 0.014737
3 0.181053 0.398947 0.033684 0.014737
3 0.267895 0.396316 0.030526 0.013684
3 0.173684 0.382632 0.031579 0.013684
1 0.400526 0.403158 0.041053 0.018947
1 0.377895 0.383158 0.035789 0.016842
3 0.450526 0.375789 0.033684 0.014737
1 0.448421 0.395789 0.035789 0.021053
3 0.491579 0.456316 0.033684 0.015789
3 0.537895 0.381053 0.031579 0.012632
3 0.488947 0.378421 0.032632 0.015789
3 0.778947 0.464211 0.031579 0.016842
3 0.816316 0.464737 0.030526 0.013684
2 0.856842 0.462632 0.037895 0.017895
3 0.866842 0.370526 0.034737 0.014737
3 0.650000 0.533684 0.017895 0.037895
1 0.674737 0.603684 0.021053 0.047368
2 0.652105 0.625263 0.015789 0.033684
3 0.646316 0.579474 0.014737 0.036842
3 0.672632 0.666316 0.014737 0.035789
3 0.652105 0.677368 0.013684 0.030526
3 0.674737 0.861579 0.014737 0.032632
3 0.674211 0.825789 0.013684 0.030526
3 0.651579 0.785263 0.014737 0.027368
1 0.652632 0.840000 0.021053 0.044211
3 0.676316 0.900000 0.013684 0.031579
3 0.675789 0.951053 0.014737 0.032632
3 0.674211 0.745789 0.013684 0.032632
3 0.643158 0.359474 0.027368 0.032632
3 0.584211 0.382632 0.029474 0.013684
3 0.070000 0.212632 0.013684 0.031579
3 0.070000 0.157368 0.011579 0.034737
3 0.048421 0.159474 0.014737 0.032632
2 0.045263 0.113684 0.014737 0.031579
5 0.590000 0.434737 0.085263 0.018947
3 0.620526 0.137895 0.013684 0.031579
