3 0.028947 0.935263 0.030526 0.013684
3 0.014211 0.912105 0.026316 0.013684
3 0.050000 0.912105 0.030526 0.015789
3 0.127368 0.911579 0.029474 0.014737
3 0.094211 0.911579 0.030526 0.016842
3 0.162632 0.911053 0.034737 0.013684
3 0.223158 0.933158 0.035789 0.013684
3 0.352632 0.912105 0.031579 0.015789
3 0.391579 0.912105 0.031579 0.015789
3 0.431579 0.911579 0.031579 0.014737
3 0.458421 0.935263 0.028421 0.013684
3 0.484211 0.912105 0.027368 0.015789
3 0.540526 0.911053 0.032632 0.015789
3 0.477368 0.838947 0.015789 0.031579
3 0.428947 0.715263 0.013684 0.032632
3 0.583684 0.712105 0.015789 0.030526
2 0.628947 0.679474 0.032632 0.030526
3 0.690526 0.683158 0.033684 0.014737
3 0.696316 0.717368 0.030526 0.013684
3 0.651579 0.626316 0.014737 0.033684
3 0.634737 0.627895 0.012632 0.030526
3 0.616316 0.625789 0.013684 0.032632
3 0.508947 0.623158 0.015789 0.029474
3 0.363158 0.630526 0.014737 0.035789
3 0.332632 0.657895 0.035789 0.016842
3 0.738947 0.804211 0.016842 0.035789
3 0.817895 0.839474 0.016842 0.036842
3 0.817895 0.793158 0.014737 0.036842
3 0.738421 0.770526 0.013684 0.031579
3 0.757368 0.659474 0.024211 0.030526
3 0.816316 0.683158 0.015789 0.037895
3 0.818421 0.611053 0.013684 0.034737
3 0.818947 0.571053 0.014737 0.034737
3 0.813158 0.513158 0.015789 0.032632
3 0.940000 0.475789 0.031579 0.031579
3 0.952632 0.459474 0.031579 0.020000
2 0.949474 0.436842 0.035789 0.021053
3 0.923684 0.402105 0.024211 0.027368
3 0.894737 0.403158 0.025263 0.031579
3 0.818421 0.404211 0.015789 0.031579
3 0.798421 0.399474 0.013684 0.032632
3 0.738421 0.373684 0.011579 0.029474
2 0.817895 0.367368 0.014737 0.037895
3 0.818421 0.330526 0.013684 0.031579
2 0.817895 0.295263 0.014737 0.032632
3 0.816842 0.248947 0.014737 0.034737
3 0.816316 0.207895 0.015789 0.034737
2 0.818947 0.166316 0.016842 0.033684
3 0.736842 0.177368 0.014737 0.034737
3 0.738947 0.221053 0.016842 0.033684
3 0.737368 0.143158 0.013684 0.031579
3 0.738421 0.102105 0.013684 0.031579
3 0.817895 0.123158 0.016842 0.033684
3 0.817895 0.087895 0.014737 0.032632
3 0.644737 0.031579 0.028421 0.012632
3 0.610000 0.029474 0.032632 0.012632
2 0.495789 0.048421 0.037895 0.016842
3 0.334737 0.030526 0.031579 0.014737
3 0.265789 0.008421 0.034737 0.014737
1 0.254211 0.164211 0.015789 0.035789
3 0.254737 0.395263 0.014737 0.036842
3 0.209474 0.381579 0.014737 0.034737
3 0.208421 0.418947 0.014737 0.033684
3 0.207895 0.495789 0.013684 0.031579
3 0.208947 0.564737 0.013684 0.032632
3 0.210526 0.701579 0.012632 0.030526
3 0.210000 0.599474 0.015789 0.026316
3 0.211579 0.750000 0.012632 0.032632
2 0.579474 0.912105 0.030526 0.015789
3 0.620000 0.910526 0.029474 0.014737
3 0.734737 0.932632 0.037895 0.016842
2 0.848421 0.909474 0.035789 0.016842
3 0.890526 0.907368 0.035789 0.014737
3 0.931579 0.907368 0.031579 0.014737
3 0.970526 0.906316 0.031579 0.016842
