3 0.013158 0.119474 0.024211 0.013684
2 0.045263 0.119474 0.033684 0.013684
3 0.016316 0.210526 0.030526 0.014737
3 0.112105 0.193684 0.032632 0.014737
3 0.168947 0.162105 0.032632 0.014737
3 0.191053 0.140526 0.034737 0.015789
3 0.177368 0.118947 0.032632 0.014737
2 0.217895 0.118947 0.035789 0.014737
3 0.255263 0.135789 0.032632 0.014737
3 0.220000 0.204211 0.035789 0.018947
3 0.273684 0.215789 0.033684 0.016842
3 0.244211 0.246316 0.031579 0.012632
3 0.289474 0.246316 0.033684 0.016842
3 0.330526 0.246842 0.037895 0.017895
3 0.334211 0.174737 0.030526 0.014737
3 0.425263 0.175263 0.031579 0.015789
3 0.499474 0.199474 0.032632 0.015789
3 0.521579 0.175263 0.030526 0.015789
3 0.529474 0.243158 0.031579 0.012632
3 0.571053 0.241053 0.034737 0.016842
3 0.610000 0.244211 0.032632 0.014737
3 0.654737 0.243684 0.031579 0.013684
3 0.701579 0.242105 0.034737 0.016842
3 0.784737 0.242105 0.032632 0.014737
3 0.801053 0.196842 0.031579 0.014737
3 0.738947 0.177368 0.031579 0.017895
3 0.809474 0.153158 0.031579 0.017895
3 0.800526 0.116316 0.034737 0.015789
3 0.664737 0.115789 0.034737 0.014737
3 0.547895 0.115789 0.032632 0.012632
3 0.537368 0.157368 0.034737 0.015789
3 0.885789 0.188947 0.032632 0.017895
3 0.895789 0.151053 0.033684 0.015789
2 0.880526 0.114737 0.036842 0.014737
3 0.954211 0.192632 0.034737 0.014737
3 0.969474 0.240526 0.035789 0.017895
3 0.990526 0.173684 0.018947 0.014737
3 0.808947 0.340526 0.034737 0.013684
2 0.807895 0.388947 0.034737 0.015789
3 0.878947 0.457368 0.031579 0.015789
3 0.882632 0.487368 0.032632 0.016842
3 0.877895 0.407368 0.031579 0.016842
3 0.883158 0.535789 0.033684 0.014737
3 0.882632 0.551053 0.034737 0.013684
3 0.882632 0.565789 0.034737 0.011579
3 0.879474 0.615263 0.030526 0.011579
2 0.883684 0.665789 0.036842 0.017895
3 0.750526 0.635789 0.029474 0.014737
3 0.675263 0.702632 0.032632 0.015789
3 0.675789 0.654211 0.031579 0.013684
3 0.882632 0.712632 0.032632 0.012632
3 0.747895 0.702632 0.028421 0.013684
3 0.748947 0.653158 0.030526 0.013684
3 0.884211 0.728947 0.033684 0.013684
3 0.744737 0.863158 0.030526 0.012632
3 0.881579 0.891053 0.032632 0.013684
3 0.884737 0.907368 0.032632 0.014737
3 0.881579 0.955789 0.028421 0.012632
3 0.750526 0.767368 0.029474 0.012632
3 0.746842 0.671579 0.028421 0.014737
3 0.675263 0.671053 0.030526 0.013684
5 0.105789 0.244737 0.123158 0.020000
