3 0.042105 0.695789 0.033684 0.012632
3 0.083158 0.700000 0.031579 0.014737
3 0.123158 0.696842 0.033684 0.014737
3 0.161579 0.697895 0.032632 0.014737
3 0.210000 0.696842 0.030526 0.014737
3 0.250526 0.697895 0.033684 0.014737
3 0.288421 0.695789 0.031579 0.016842
3 0.332632 0.696842 0.033684 0.018947
3 0.367895 0.695789 0.030526 0.016842
3 0.412632 0.696842 0.037895 0.018947
3 0.357368 0.896842 0.030526 0.012632
3 0.356842 0.881053 0.031579 0.016842
3 0.354211 0.851053 0.032632 0.015789
3 0.354211 0.832632 0.034737 0.014737
3 0.504737 0.766842 0.028421 0.020000
3 0.587368 0.764211 0.016842 0.035789
3 0.586316 0.877368 0.016842 0.034737
3 0.588947 0.918947 0.015789 0.035789
3 0.587368 0.963158 0.014737 0.033684
3 0.586316 0.845263 0.014737 0.027368
3 0.810526 0.840526 0.031579 0.015789
3 0.667895 0.692105 0.030526 0.015789
2 0.659474 0.628421 0.032632 0.012632
3 0.875789 0.687895 0.031579 0.017895
3 0.909474 0.686842 0.033684 0.020000
3 0.944737 0.683684 0.034737 0.020000
3 0.982105 0.683158 0.031579 0.016842
1 0.805789 0.587368 0.051579 0.016842
3 0.352105 0.975789 0.032632 0.014737
3 0.465789 0.376842 0.032632 0.016842
3 0.464737 0.358421 0.030526 0.013684
3 0.464737 0.343684 0.032632 0.015789
3 0.466316 0.310000 0.029474 0.015789
3 0.392105 0.328421 0.034737 0.014737
3 0.393158 0.272105 0.032632 0.015789
3 0.392632 0.254737 0.031579 0.014737
3 0.393684 0.240000 0.027368 0.012632
3 0.346842 0.227368 0.034737 0.012632
3 0.466316 0.195789 0.031579 0.014737
3 0.342632 0.120526 0.034737 0.013684
3 0.345263 0.137368 0.031579 0.013684
3 0.260526 0.139474 0.030526 0.013684
3 0.258947 0.122105 0.033684 0.014737
3 0.258421 0.105263 0.030526 0.012632
2 0.258421 0.072105 0.030526 0.013684
3 0.257895 0.041579 0.031579 0.013684
3 0.467368 0.051579 0.033684 0.016842
3 0.386842 0.118947 0.030526 0.014737
3 0.143158 0.595789 0.031579 0.012632
3 0.185263 0.592105 0.031579 0.011579
