3 0.077895 0.850526 0.035789 0.014737
3 0.091053 0.891579 0.032632 0.016842
3 0.124211 0.909474 0.031579 0.014737
3 0.103158 0.934211 0.033684 0.017895
2 0.275263 0.874211 0.036842 0.013684
3 0.294737 0.932632 0.035789 0.012632
3 0.252105 0.934737 0.028421 0.012632
2 0.427368 0.876316 0.035789 0.017895
2 0.404211 0.787368 0.016842 0.037895
3 0.372105 0.718421 0.013684 0.030526
3 0.174737 0.932632 0.031579 0.014737
3 0.582632 0.891579 0.032632 0.016842
3 0.546316 0.931579 0.033684 0.014737
3 0.506842 0.930000 0.034737 0.015789
3 0.504211 0.893684 0.035789 0.016842
3 0.478421 0.854211 0.030526 0.015789
3 0.521579 0.847368 0.032632 0.014737
3 0.651579 0.845263 0.033684 0.014737
3 0.832632 0.901053 0.035789 0.016842
3 0.738421 0.906842 0.034737 0.017895
3 0.725789 0.927895 0.034737 0.020000
3 0.920526 0.894211 0.041053 0.017895
3 0.982632 0.912632 0.034737 0.016842
3 0.978421 0.772105 0.030526 0.015789
3 0.941579 0.767368 0.015789 0.037895
2 0.940000 0.722632 0.016842 0.038947
3 0.901579 0.761053 0.013684 0.033684
2 0.979474 0.658421 0.032632 0.015789
3 0.983684 0.643158 0.032632 0.014737
2 0.973158 0.623684 0.036842 0.015789
3 0.981053 0.534737 0.033684 0.016842
3 0.982105 0.508947 0.029474 0.015789
3 0.982105 0.473684 0.031579 0.014737
2 0.981579 0.439474 0.034737 0.017895
3 0.900526 0.361053 0.017895 0.033684
3 0.984211 0.336316 0.031579 0.017895
3 0.982105 0.319474 0.031579 0.015789
3 0.981053 0.387368 0.029474 0.012632
3 0.982632 0.404211 0.030526 0.014737
3 0.844737 0.443158 0.026316 0.012632
3 0.842105 0.465263 0.027368 0.014737
3 0.899474 0.215789 0.015789 0.035789
3 0.978421 0.219474 0.034737 0.015789
3 0.927895 0.110000 0.013684 0.034737
3 0.980000 0.068947 0.035789 0.015789
3 0.977368 0.051053 0.034737 0.015789
3 0.981053 0.017368 0.033684 0.015789
2 0.121053 0.151579 0.014737 0.035789
3 0.117895 0.234211 0.014737 0.036842
3 0.144211 0.295789 0.027368 0.029474
2 0.171053 0.297368 0.024211 0.030526
3 0.118947 0.420000 0.016842 0.037895
3 0.117368 0.341053 0.017895 0.033684
3 0.372632 0.315789 0.012632 0.033684
3 0.373158 0.237368 0.013684 0.034737
2 0.416842 0.057895 0.014737 0.033684
5 0.932632 0.865789 0.122105 0.017895
