3 0.268421 0.947895 0.031579 0.015789
2 0.304737 0.905789 0.034737 0.017895
3 0.264211 0.906316 0.033684 0.016842
3 0.228947 0.903158 0.032632 0.016842
3 0.175263 0.905263 0.032632 0.016842
3 0.536316 0.906316 0.036842 0.018947
3 0.583684 0.905789 0.036842 0.015789
3 0.416842 0.843158 0.014737 0.029474
3 0.414211 0.793684 0.013684 0.037895
2 0.393158 0.739474 0.013684 0.032632
3 0.447368 0.704737 0.014737 0.034737
3 0.393158 0.598421 0.015789 0.034737
3 0.449474 0.560000 0.016842 0.037895
1 0.533158 0.556316 0.015789 0.038947
3 0.517895 0.510000 0.031579 0.015789
3 0.450526 0.511579 0.014737 0.040000
3 0.451053 0.411053 0.013684 0.034737
3 0.535263 0.355263 0.030526 0.015789
4 0.526842 0.337368 0.038947 0.015789
4 0.510526 0.315263 0.035789 0.017895
3 0.510526 0.296842 0.031579 0.014737
2 0.606842 0.310000 0.034737 0.015789
2 0.604737 0.276316 0.034737 0.017895
3 0.452632 0.365263 0.014737 0.031579
3 0.452632 0.308947 0.014737 0.032632
2 0.603158 0.255789 0.035789 0.016842
4 0.517368 0.256316 0.045263 0.015789
2 0.515789 0.236842 0.037895 0.016842
2 0.605789 0.217368 0.034737 0.015789
2 0.606316 0.196842 0.033684 0.014737
2 0.607895 0.177368 0.032632 0.015789
2 0.607895 0.155263 0.034737 0.013684
1 0.522105 0.193684 0.044211 0.018947
1 0.520526 0.173158 0.045263 0.015789
1 0.520000 0.134211 0.050526 0.017895
1 0.601579 0.115263 0.051579 0.022105
1 0.517895 0.113684 0.050526 0.016842
1 0.519474 0.092105 0.049474 0.017895
1 0.518421 0.073158 0.049474 0.017895
1 0.520526 0.053158 0.047368 0.020000
1 0.521053 0.011053 0.046316 0.015789
3 0.414737 0.231053 0.014737 0.036842
3 0.398947 0.215789 0.016842 0.031579
1 0.398421 0.173158 0.015789 0.041053
4 0.401579 0.131053 0.017895 0.038947
3 0.398421 0.091579 0.013684 0.031579
3 0.452632 0.233684 0.014737 0.033684
2 0.775789 0.337895 0.035789 0.016842
1 0.777895 0.317895 0.048421 0.021053
1 0.775789 0.295789 0.035789 0.014737
1 0.733158 0.299474 0.036842 0.015789
1 0.730000 0.238421 0.047368 0.017895
2 0.730000 0.218421 0.038947 0.017895
2 0.651579 0.197368 0.040000 0.017895
2 0.652632 0.169474 0.035789 0.018947
2 0.654737 0.134737 0.037895 0.016842
2 0.653684 0.095263 0.040000 0.017895
2 0.653158 0.074737 0.041053 0.016842
1 0.603684 0.074737 0.051579 0.018947
1 0.603684 0.054211 0.053684 0.017895
2 0.646842 0.034211 0.036842 0.017895
2 0.647895 0.014737 0.034737 0.014737
1 0.600526 0.013158 0.051579 0.022105
1 0.865789 0.198421 0.049474 0.020000
1 0.866316 0.178421 0.048421 0.020000
1 0.864737 0.157368 0.047368 0.020000
1 0.864211 0.137368 0.050526 0.017895
1 0.865263 0.115789 0.048421 0.018947
1 0.866842 0.095789 0.047368 0.016842
1 0.866842 0.075263 0.049474 0.020000
1 0.867368 0.056842 0.048421 0.018947
1 0.866842 0.035263 0.047368 0.015789
1 0.865263 0.014737 0.048421 0.018947
4 0.732632 0.015789 0.040000 0.016842
4 0.777895 0.015263 0.040000 0.015789
2 0.775789 0.036316 0.037895 0.015789
1 0.776316 0.055263 0.038947 0.017895
1 0.777895 0.078421 0.037895 0.017895
2 0.733158 0.095263 0.032632 0.013684
1 0.778421 0.154737 0.036842 0.016842
2 0.772105 0.178947 0.026316 0.008421
1 0.774737 0.195263 0.037895 0.015789
2 0.775789 0.216316 0.035789 0.013684
1 0.775789 0.257895 0.037895 0.016842
1 0.775789 0.276842 0.040000 0.016842
2 0.734211 0.178421 0.038947 0.017895
2 0.732632 0.157368 0.040000 0.017895
2 0.734211 0.137368 0.036842 0.015789
2 0.733684 0.116842 0.040000 0.018947
3 0.777368 0.097368 0.032632 0.015789
3 0.779474 0.118421 0.032632 0.017895
1 0.858947 0.684737 0.050526 0.015789
1 0.860000 0.666842 0.052632 0.020000
1 0.861053 0.644211 0.050526 0.016842
1 0.862105 0.624211 0.048421 0.018947
3 0.768421 0.636842 0.029474 0.014737
3 0.767368 0.656842 0.029474 0.014737
3 0.768947 0.674211 0.028421 0.015789
2 0.764737 0.560000 0.032632 0.014737
2 0.726842 0.540526 0.036842 0.015789
2 0.728947 0.523158 0.034737 0.014737
2 0.727895 0.504211 0.034737 0.014737
3 0.670000 0.543158 0.032632 0.014737
3 0.927895 0.745263 0.015789 0.031579
3 0.975789 0.742632 0.014737 0.036842
3 0.973684 0.820000 0.014737 0.040000
2 0.975789 0.669474 0.014737 0.035789
3 0.976316 0.632632 0.015789 0.033684
3 0.930526 0.637368 0.014737 0.032632
3 0.930000 0.565789 0.013684 0.032632
3 0.933158 0.530000 0.013684 0.032632
3 0.932105 0.488947 0.015789 0.036842
3 0.977368 0.554211 0.015789 0.030526
1 0.877895 0.968421 0.046316 0.018947
3 0.842105 0.945263 0.035789 0.016842
3 0.680526 0.966316 0.036842 0.016842
1 0.960000 0.014211 0.018947 0.026316
3 0.936316 0.044737 0.017895 0.036842
3 0.936842 0.080526 0.014737 0.032632
2 0.981579 0.107368 0.015789 0.033684
3 0.960000 0.152105 0.016842 0.036842
3 0.979474 0.181053 0.013684 0.033684
3 0.982105 0.220526 0.016842 0.030526
3 0.979474 0.266316 0.015789 0.033684
3 0.934211 0.248947 0.015789 0.028421
3 0.934211 0.215789 0.015789 0.033684
3 0.935263 0.152632 0.015789 0.035789
3 0.935263 0.117895 0.015789 0.029474
2 0.933684 0.285789 0.016842 0.036842
3 0.932632 0.323684 0.016842 0.032632
