3 0.245789 0.900526 0.015789 0.034737
3 0.245789 0.827895 0.013684 0.030526
3 0.329474 0.928421 0.031579 0.014737
3 0.329474 0.908947 0.033684 0.013684
3 0.324211 0.858947 0.037895 0.014737
2 0.330000 0.823684 0.030526 0.015789
3 0.330000 0.840526 0.032632 0.013684
1 0.331579 0.804211 0.042105 0.014737
3 0.328947 0.787368 0.036842 0.016842
3 0.333158 0.766316 0.034737 0.016842
3 0.332105 0.748947 0.036842 0.015789
3 0.327895 0.708421 0.034737 0.016842
3 0.331579 0.690526 0.031579 0.014737
2 0.332105 0.654211 0.043158 0.017895
3 0.326842 0.596316 0.032632 0.017895
3 0.329474 0.674211 0.035789 0.015789
3 0.328947 0.578421 0.032632 0.013684
4 0.325789 0.557368 0.034737 0.017895
3 0.333158 0.498421 0.015789 0.032632
3 0.460000 0.577895 0.016842 0.031579
3 0.511579 0.666842 0.016842 0.032632
2 0.336316 0.463684 0.015789 0.034737
3 0.336316 0.424211 0.015789 0.031579
3 0.334211 0.387895 0.013684 0.036842
6 0.335263 0.335789 0.022105 0.052632
3 0.331053 0.222105 0.038947 0.016842
3 0.265789 0.201053 0.038947 0.018947
3 0.177895 0.207895 0.040000 0.015789
3 0.439474 0.204737 0.032632 0.015789
3 0.430526 0.224737 0.035789 0.015789
2 0.593684 0.244737 0.033684 0.015789
3 0.553684 0.223684 0.037895 0.017895
2 0.566316 0.203684 0.035789 0.015789
3 0.423684 0.187895 0.034737 0.015789
3 0.412632 0.141579 0.033684 0.017895
2 0.285263 0.028421 0.016842 0.037895
3 0.287895 0.074737 0.015789 0.035789
2 0.327895 0.080526 0.034737 0.017895
3 0.322632 0.058421 0.032632 0.015789
3 0.249474 0.068421 0.018947 0.035789
3 0.081579 0.214737 0.034737 0.016842
3 0.068947 0.235789 0.034737 0.014737
3 0.247895 0.321579 0.015789 0.034737
3 0.246316 0.650526 0.012632 0.033684
3 0.247368 0.610526 0.014737 0.037895
3 0.828421 0.800000 0.014737 0.033684
3 0.828947 0.761053 0.013684 0.033684
3 0.777368 0.735789 0.015789 0.033684
2 0.827895 0.723684 0.015789 0.034737
2 0.827895 0.669474 0.015789 0.033684
2 0.828947 0.627895 0.015789 0.032632
3 0.776842 0.620526 0.012632 0.030526
3 0.828947 0.431579 0.017895 0.033684
2 0.777368 0.344211 0.015789 0.035789
3 0.777368 0.381053 0.017895 0.031579
2 0.782632 0.067895 0.017895 0.034737
3 0.780526 0.031053 0.013684 0.034737
3 0.667895 0.243684 0.030526 0.015789
5 0.281053 0.171053 0.124211 0.020000
