3 0.981579 0.765789 0.032632 0.017895
3 0.872632 0.703158 0.035789 0.014737
2 0.734737 0.703158 0.037895 0.016842
3 0.712105 0.745263 0.030526 0.014737
2 0.745263 0.805789 0.035789 0.017895
3 0.711053 0.806316 0.032632 0.016842
3 0.604211 0.807368 0.029474 0.016842
3 0.607368 0.765263 0.033684 0.016842
2 0.587895 0.739474 0.034737 0.015789
1 0.562632 0.701053 0.060000 0.016842
3 0.618947 0.702105 0.031579 0.012632
3 0.450526 0.765789 0.035789 0.017895
2 0.430526 0.703684 0.035789 0.015789
2 0.391579 0.704211 0.031579 0.014737
3 0.352105 0.703684 0.032632 0.013684
3 0.306316 0.745789 0.033684 0.015789
3 0.335789 0.807368 0.027368 0.012632
3 0.371579 0.806842 0.033684 0.013684
3 0.450000 0.807368 0.032632 0.014737
3 0.491053 0.807895 0.034737 0.013684
3 0.566316 0.806842 0.033684 0.015789
3 0.231053 0.610526 0.015789 0.029474
3 0.263158 0.604211 0.031579 0.016842
2 0.183158 0.584737 0.014737 0.034737
2 0.184737 0.542105 0.015789 0.029474
3 0.184737 0.507368 0.011579 0.029474
3 0.228947 0.514737 0.013684 0.033684
3 0.226316 0.563684 0.012632 0.034737
3 0.202632 0.568947 0.015789 0.030526
3 0.262632 0.586316 0.030526 0.014737
3 0.265789 0.567895 0.028421 0.015789
3 0.264211 0.550526 0.033684 0.016842
3 0.267368 0.534211 0.031579 0.015789
3 0.265789 0.516842 0.032632 0.016842
3 0.266842 0.500526 0.036842 0.020000
3 0.265263 0.480526 0.035789 0.013684
3 0.268947 0.465263 0.030526 0.012632
3 0.262632 0.447895 0.036842 0.015789
3 0.265789 0.427895 0.032632 0.013684
3 0.267895 0.411579 0.030526 0.012632
2 0.264737 0.393158 0.032632 0.015789
2 0.183158 0.453158 0.014737 0.034737
3 0.265789 0.282632 0.028421 0.015789
2 0.265789 0.263684 0.032632 0.015789
2 0.265789 0.246842 0.032632 0.013684
2 0.267368 0.230000 0.029474 0.013684
3 0.267368 0.213684 0.031579 0.014737
3 0.265789 0.194211 0.030526 0.013684
3 0.266316 0.177368 0.029474 0.013684
3 0.266316 0.160000 0.035789 0.012632
3 0.267895 0.143158 0.036842 0.016842
2 0.263684 0.125263 0.034737 0.012632
3 0.268947 0.108421 0.032632 0.014737
3 0.264211 0.091579 0.031579 0.014737
3 0.268947 0.074211 0.032632 0.013684
3 0.267368 0.055263 0.031579 0.013684
2 0.267368 0.038421 0.035789 0.015789
3 0.266842 0.020000 0.032632 0.014737
3 0.505789 0.705263 0.032632 0.014737
3 0.204737 0.807368 0.032632 0.014737
1 0.097368 0.701579 0.038947 0.015789
2 0.015263 0.701579 0.028421 0.013684
1 0.186842 0.321053 0.017895 0.044211
