3 0.683684 0.898421 0.013684 0.032632
3 0.684737 0.864737 0.013684 0.028421
3 0.682105 0.832632 0.014737 0.031579
3 0.684211 0.789474 0.014737 0.033684
3 0.636316 0.711053 0.013684 0.036842
3 0.670000 0.666316 0.015789 0.033684
3 0.638421 0.625263 0.015789 0.035789
3 0.637895 0.581053 0.014737 0.033684
2 0.680000 0.563158 0.023158 0.037895
3 0.637895 0.540000 0.012632 0.029474
3 0.684737 0.490000 0.013684 0.041053
3 0.637895 0.494737 0.012632 0.031579
3 0.682105 0.379474 0.014737 0.034737
3 0.683684 0.336842 0.013684 0.037895
3 0.637368 0.302632 0.015789 0.032632
3 0.685789 0.278421 0.011579 0.028421
3 0.684737 0.241053 0.013684 0.035789
3 0.682105 0.202105 0.014737 0.035789
3 0.655789 0.129474 0.014737 0.031579
2 0.782632 0.128421 0.036842 0.014737
3 0.454737 0.125789 0.033684 0.013684
3 0.417895 0.203684 0.033684 0.015789
6 0.393158 0.255789 0.017895 0.042105
1 0.392105 0.298421 0.013684 0.036842
1 0.412105 0.296316 0.015789 0.036842
1 0.430000 0.296842 0.017895 0.035789
1 0.431053 0.334737 0.015789 0.035789
1 0.411579 0.333684 0.014737 0.035789
3 0.371053 0.301053 0.015789 0.031579
3 0.388947 0.337895 0.015789 0.031579
3 0.372105 0.337895 0.013684 0.027368
3 0.230526 0.167895 0.023158 0.032632
3 0.345263 0.090000 0.035789 0.015789
3 0.261579 0.084737 0.034737 0.015789
3 0.563158 0.085789 0.033684 0.013684
2 0.565263 0.064737 0.035789 0.015789
3 0.494211 0.043158 0.030526 0.012632
3 0.823158 0.071053 0.031579 0.015789
3 0.794211 0.023684 0.030526 0.015789
3 0.757895 0.022632 0.033684 0.015789
3 0.832105 0.023684 0.032632 0.015789
3 0.955263 0.127895 0.030526 0.013684
3 0.986842 0.128421 0.026316 0.014737
3 0.144211 0.938421 0.014737 0.034737
3 0.148947 0.898421 0.013684 0.034737
3 0.148947 0.859474 0.011579 0.032632
3 0.149474 0.757895 0.014737 0.029474
3 0.104211 0.746842 0.012632 0.034737
4 0.105263 0.704211 0.014737 0.040000
3 0.148947 0.705789 0.015789 0.032632
3 0.103158 0.631053 0.016842 0.038947
3 0.151053 0.631579 0.015789 0.035789
3 0.147895 0.587895 0.013684 0.032632
3 0.103684 0.536316 0.011579 0.034737
3 0.104211 0.499474 0.014737 0.032632
3 0.103684 0.405263 0.015789 0.029474
3 0.128421 0.390526 0.014737 0.033684
3 0.103158 0.368947 0.012632 0.030526
3 0.150000 0.382105 0.015789 0.031579
3 0.150526 0.420526 0.014737 0.030526
1 0.222105 0.424737 0.037895 0.017895
3 0.148947 0.553158 0.015789 0.032632
3 0.150000 0.341053 0.013684 0.033684
3 0.151053 0.307368 0.013684 0.029474
3 0.104211 0.292632 0.014737 0.033684
3 0.150526 0.272105 0.016842 0.034737
3 0.326842 0.024737 0.028421 0.013684
