6 0.047368 0.865263 0.056842 0.021053
2 0.052105 0.904211 0.038947 0.016842
3 0.057368 0.921579 0.034737 0.011579
2 0.044737 0.943158 0.034737 0.014737
2 0.182632 0.923158 0.032632 0.014737
1 0.217368 0.903684 0.038947 0.015789
3 0.202105 0.887895 0.033684 0.013684
1 0.180000 0.867895 0.040000 0.015789
3 0.127895 0.866842 0.032632 0.013684
6 0.126316 0.887368 0.075789 0.023158
6 0.243684 0.863684 0.076842 0.022105
6 0.319474 0.870000 0.060000 0.026316
3 0.305263 0.900000 0.031579 0.014737
3 0.293158 0.922632 0.030526 0.013684
2 0.331579 0.943684 0.031579 0.013684
2 0.290526 0.943158 0.033684 0.014737
2 0.247895 0.942105 0.038947 0.014737
3 0.370000 0.923684 0.032632 0.013684
3 0.478421 0.950526 0.028421 0.025263
3 0.451579 0.906316 0.037895 0.014737
3 0.497368 0.904211 0.032632 0.014737
3 0.532105 0.919474 0.030526 0.015789
6 0.384211 0.890000 0.052632 0.022105
1 0.378947 0.862632 0.046316 0.017895
1 0.447895 0.813684 0.015789 0.046316
3 0.472632 0.799474 0.012632 0.032632
6 0.476316 0.860000 0.051579 0.023158
1 0.471053 0.884211 0.036842 0.014737
3 0.532632 0.883684 0.033684 0.015789
3 0.602105 0.882632 0.031579 0.015789
3 0.605263 0.903684 0.033684 0.013684
3 0.595263 0.923684 0.032632 0.015789
3 0.638421 0.943684 0.030526 0.013684
1 0.662632 0.883684 0.047368 0.017895
2 0.691053 0.903684 0.032632 0.015789
1 0.678421 0.943684 0.036842 0.015789
1 0.789474 0.943158 0.037895 0.016842
6 0.794211 0.921579 0.068421 0.015789
3 0.702105 0.923158 0.027368 0.014737
3 0.823684 0.898947 0.032632 0.014737
3 0.736842 0.883158 0.037895 0.014737
3 0.794737 0.881579 0.035789 0.013684
3 0.846316 0.881579 0.040000 0.013684
2 0.863158 0.906842 0.033684 0.017895
1 0.840526 0.942632 0.041053 0.017895
1 0.888947 0.943158 0.036842 0.014737
4 0.894211 0.882105 0.036842 0.014737
3 0.937895 0.882105 0.031579 0.014737
2 0.961053 0.728421 0.014737 0.037895
2 0.961053 0.690526 0.014737 0.033684
1 0.486842 0.518947 0.015789 0.037895
1 0.485789 0.476842 0.015789 0.035789
6 0.487895 0.369474 0.017895 0.061053
6 0.488421 0.293158 0.016842 0.051579
6 0.444737 0.214737 0.020000 0.048421
1 0.482105 0.131053 0.014737 0.036842
3 0.444211 0.167368 0.012632 0.027368
6 0.485789 0.074737 0.017895 0.050526
1 0.464211 0.145789 0.014737 0.045263
