2 0.487895 0.980526 0.034737 0.020000
3 0.486316 0.960526 0.033684 0.015789
3 0.487368 0.932632 0.031579 0.012632
3 0.486842 0.916316 0.028421 0.013684
3 0.487368 0.897895 0.027368 0.016842
3 0.456316 0.830526 0.013684 0.033684
3 0.423158 0.806842 0.031579 0.026316
3 0.423158 0.825789 0.031579 0.024211
3 0.456316 0.780526 0.013684 0.034737
4 0.432105 0.716842 0.017895 0.042105
3 0.458421 0.726316 0.013684 0.033684
3 0.458947 0.677895 0.014737 0.033684
3 0.483684 0.672105 0.015789 0.036842
3 0.458947 0.634737 0.014737 0.033684
3 0.461579 0.580526 0.013684 0.032632
3 0.426842 0.621053 0.028421 0.014737
3 0.423158 0.604211 0.027368 0.016842
3 0.427368 0.586842 0.027368 0.015789
3 0.460000 0.527895 0.016842 0.038947
1 0.458421 0.461053 0.017895 0.046316
3 0.482105 0.457895 0.014737 0.035789
3 0.426842 0.513158 0.026316 0.024211
3 0.423684 0.550000 0.028421 0.022105
3 0.424211 0.532632 0.025263 0.027368
3 0.460526 0.405263 0.013684 0.033684
3 0.481579 0.407368 0.011579 0.029474
3 0.482105 0.495263 0.012632 0.030526
3 0.460526 0.350000 0.013684 0.032632
3 0.481579 0.364211 0.013684 0.031579
3 0.482105 0.326842 0.012632 0.032632
3 0.460000 0.289474 0.012632 0.031579
3 0.443684 0.308947 0.013684 0.034737
2 0.442632 0.265789 0.013684 0.030526
3 0.481579 0.250000 0.015789 0.034737
2 0.544211 0.184211 0.035789 0.014737
3 0.601053 0.184211 0.031579 0.014737
3 0.636842 0.184211 0.033684 0.014737
3 0.601053 0.164737 0.031579 0.013684
3 0.548947 0.166316 0.032632 0.012632
6 0.562632 0.145789 0.057895 0.017895
3 0.591053 0.125789 0.034737 0.013684
2 0.543684 0.120000 0.032632 0.014737
2 0.678947 0.126842 0.031579 0.013684
3 0.637368 0.126316 0.030526 0.014737
5 0.463158 0.123158 0.090526 0.018947
3 0.445263 0.226316 0.014737 0.027368
3 0.379474 0.183684 0.034737 0.015789
3 0.290000 0.184211 0.030526 0.014737
3 0.256316 0.169474 0.030526 0.012632
2 0.266316 0.146316 0.035789 0.014737
3 0.306316 0.128421 0.031579 0.012632
1 0.325789 0.146842 0.036842 0.015789
3 0.238421 0.125263 0.034737 0.014737
5 0.214737 0.099474 0.117895 0.015789
1 0.630526 0.145789 0.044211 0.013684
3 0.678421 0.162632 0.030526 0.013684
1 0.893684 0.183158 0.046316 0.018947
1 0.955789 0.264737 0.014737 0.038947
5 0.066316 0.100000 0.120000 0.016842
2 0.105263 0.150000 0.033684 0.013684
3 0.163684 0.124211 0.032632 0.012632
3 0.098421 0.125263 0.028421 0.012632
3 0.056842 0.126842 0.031579 0.013684
3 0.023158 0.168421 0.035789 0.014737
3 0.061579 0.166316 0.032632 0.012632
3 0.105789 0.166842 0.041053 0.013684
3 0.018421 0.128947 0.034737 0.013684
3 0.952632 0.310526 0.012632 0.031579
6 0.957368 0.377895 0.017895 0.067368
3 0.953158 0.441053 0.011579 0.031579
1 0.987368 0.432632 0.014737 0.042105
1 0.955789 0.814737 0.014737 0.044211
