6 0.171579 0.966842 0.018947 0.045263
3 0.170526 0.875789 0.014737 0.033684
6 0.174211 0.832632 0.017895 0.050526
1 0.170526 0.777368 0.014737 0.036842
1 0.173158 0.726842 0.017895 0.038947
1 0.170526 0.669474 0.014737 0.037895
3 0.168947 0.628947 0.013684 0.030526
2 0.169474 0.592105 0.014737 0.032632
6 0.189474 0.581579 0.016842 0.053684
1 0.171579 0.514211 0.014737 0.036842
2 0.206316 0.499474 0.016842 0.036842
3 0.205789 0.550526 0.015789 0.033684
6 0.189474 0.922105 0.021053 0.052632
3 0.281053 0.019474 0.027368 0.011579
2 0.321579 0.018421 0.028421 0.013684
2 0.396316 0.019474 0.036842 0.015789
3 0.438947 0.021579 0.033684 0.015789
3 0.428947 0.038947 0.028421 0.014737
2 0.486316 0.078947 0.031579 0.014737
3 0.480000 0.057895 0.033684 0.014737
3 0.483158 0.018947 0.029474 0.014737
3 0.519474 0.018421 0.032632 0.013684
3 0.558421 0.017368 0.030526 0.013684
2 0.601579 0.018421 0.038947 0.017895
6 0.559474 0.106316 0.043158 0.025263
3 0.506842 0.102632 0.032632 0.013684
3 0.488421 0.121579 0.029474 0.011579
3 0.688421 0.139474 0.029474 0.024211
3 0.645263 0.122632 0.031579 0.015789
3 0.656842 0.101053 0.031579 0.014737
3 0.735789 0.099474 0.033684 0.013684
1 0.849474 0.021053 0.052632 0.018947
3 0.807368 0.102105 0.027368 0.012632
1 0.836842 0.142632 0.046316 0.020000
1 0.745789 0.294211 0.015789 0.036842
6 0.745789 0.354211 0.022105 0.053684
3 0.693684 0.327368 0.012632 0.029474
1 0.695789 0.458947 0.014737 0.046316
1 0.748421 0.729474 0.018947 0.046316
3 0.693158 0.757368 0.013684 0.030526
3 0.691053 0.697895 0.011579 0.031579
3 0.690000 0.653158 0.013684 0.032632
1 0.746842 0.781053 0.015789 0.046316
3 0.693684 0.792105 0.014737 0.028421
3 0.692632 0.823158 0.012632 0.025263
