3 0.740526 0.977895 0.015789 0.033684
3 0.731053 0.791053 0.020000 0.041053
3 0.752105 0.740526 0.020000 0.036842
3 0.664737 0.633158 0.032632 0.026316
3 0.581053 0.645789 0.037895 0.022105
3 0.502632 0.650000 0.036842 0.020000
2 0.456842 0.627368 0.031579 0.016842
2 0.325789 0.633684 0.030526 0.014737
3 0.258421 0.667368 0.036842 0.016842
3 0.851579 0.734211 0.012632 0.032632
2 0.943158 0.809474 0.027368 0.031579
2 0.904737 0.923158 0.013684 0.035789
3 0.884737 0.699474 0.015789 0.032632
3 0.853684 0.562105 0.014737 0.037895
3 0.901579 0.523158 0.013684 0.031579
3 0.779474 0.536316 0.020000 0.036842
3 0.731579 0.404737 0.021053 0.036842
2 0.851579 0.475263 0.014737 0.034737
4 0.871579 0.482632 0.016842 0.041053
3 0.937368 0.473158 0.013684 0.032632
3 0.942632 0.421579 0.013684 0.032632
3 0.871579 0.435263 0.014737 0.034737
3 0.852105 0.419474 0.015789 0.034737
2 0.875263 0.390000 0.017895 0.036842
3 0.852105 0.380526 0.015789 0.034737
3 0.668421 0.321053 0.021053 0.037895
3 0.698421 0.298421 0.017895 0.036842
3 0.666316 0.233684 0.021053 0.037895
3 0.509474 0.206316 0.021053 0.031579
2 0.522105 0.134211 0.031579 0.015789
3 0.491579 0.150526 0.029474 0.014737
3 0.426842 0.133158 0.030526 0.013684
3 0.388947 0.108421 0.030526 0.012632
3 0.316842 0.112105 0.031579 0.011579
3 0.308947 0.155263 0.036842 0.013684
3 0.472632 0.108421 0.029474 0.016842
2 0.656316 0.153684 0.032632 0.016842
3 0.673158 0.135789 0.034737 0.016842
2 0.597895 0.111579 0.035789 0.014737
3 0.708947 0.111053 0.032632 0.013684
3 0.942105 0.361053 0.014737 0.033684
3 0.921579 0.331053 0.015789 0.034737
3 0.872105 0.328947 0.013684 0.034737
3 0.854737 0.335789 0.014737 0.031579
3 0.852105 0.280000 0.015789 0.035789
1 0.875789 0.271053 0.018947 0.036842
6 0.896842 0.294211 0.018947 0.060000
3 0.924737 0.283158 0.015789 0.037895
3 0.945263 0.319474 0.014737 0.034737
3 0.945789 0.270526 0.015789 0.033684
3 0.889474 0.197895 0.033684 0.016842
3 0.939474 0.193158 0.030526 0.020000
3 0.899474 0.172632 0.032632 0.016842
3 0.827895 0.193684 0.032632 0.016842
3 0.741053 0.176316 0.033684 0.015789
3 0.763684 0.203158 0.032632 0.016842
3 0.700526 0.242105 0.022105 0.031579
3 0.586842 0.150526 0.034737 0.016842
1 0.768947 0.131053 0.038947 0.015789
3 0.717368 0.153684 0.030526 0.016842
3 0.912105 0.154211 0.034737 0.017895
3 0.839474 0.141053 0.030526 0.016842
2 0.268947 0.133684 0.034737 0.014737
3 0.255263 0.115789 0.032632 0.014737
3 0.158421 0.115789 0.032632 0.014737
3 0.081053 0.112105 0.031579 0.013684
3 0.027368 0.132632 0.033684 0.014737
2 0.077895 0.151053 0.031579 0.015789
3 0.137895 0.168947 0.031579 0.015789
3 0.184737 0.136842 0.036842 0.014737
2 0.502632 0.956842 0.015789 0.035789
