3 0.012105 0.922105 0.013684 0.031579
3 0.011579 0.886842 0.012632 0.030526
3 0.309474 0.980526 0.031579 0.013684
3 0.355263 0.982632 0.030526 0.013684
3 0.533684 0.973158 0.012632 0.028421
3 0.489474 0.929474 0.014737 0.033684
3 0.488421 0.896316 0.014737 0.030526
1 0.534211 0.876316 0.015789 0.041053
2 0.511579 0.864211 0.014737 0.033684
3 0.533684 0.774737 0.014737 0.037895
3 0.490526 0.647895 0.014737 0.030526
3 0.487895 0.686316 0.011579 0.029474
3 0.534211 0.633684 0.013684 0.031579
3 0.533684 0.687368 0.014737 0.033684
3 0.535263 0.735263 0.015789 0.034737
3 0.489474 0.576316 0.012632 0.032632
3 0.490000 0.509474 0.013684 0.033684
3 0.536316 0.490000 0.013684 0.036842
3 0.490000 0.435789 0.011579 0.031579
4 0.490526 0.396316 0.014737 0.036842
2 0.537895 0.332632 0.016842 0.035789
3 0.536842 0.370526 0.012632 0.031579
5 0.514737 0.196316 0.124211 0.017895
3 0.388947 0.173684 0.030526 0.012632
2 0.354211 0.193158 0.030526 0.015789
3 0.284737 0.194737 0.034737 0.012632
6 0.198421 0.173684 0.074737 0.016842
6 0.213684 0.151579 0.065263 0.021053
1 0.186316 0.114211 0.048421 0.015789
3 0.140526 0.113684 0.032632 0.014737
2 0.106316 0.113684 0.031579 0.012632
1 0.087895 0.172105 0.036842 0.015789
3 0.106842 0.194737 0.030526 0.012632
6 0.030000 0.151053 0.057895 0.020000
2 0.529474 0.172632 0.031579 0.014737
3 0.588421 0.152632 0.033684 0.016842
2 0.627895 0.114737 0.028421 0.014737
3 0.736842 0.152632 0.029474 0.012632
2 0.768947 0.172632 0.030526 0.012632
3 0.855789 0.153158 0.031579 0.013684
3 0.836316 0.193684 0.028421 0.014737
3 0.914211 0.195263 0.028421 0.011579
3 0.898421 0.171579 0.034737 0.012632
3 0.896316 0.134737 0.032632 0.014737
3 0.870526 0.115789 0.031579 0.012632
3 0.826842 0.116316 0.028421 0.011579
3 0.784737 0.115789 0.034737 0.012632
3 0.742632 0.115789 0.028421 0.010526
3 0.701053 0.116316 0.029474 0.011579
3 0.985263 0.164211 0.029474 0.012632
3 0.918421 0.115789 0.028421 0.014737
3 0.013158 0.664211 0.015789 0.033684
3 0.013158 0.465263 0.013684 0.029474
3 0.013684 0.433684 0.012632 0.029474
3 0.012105 0.391053 0.013684 0.030526
3 0.011579 0.361053 0.012632 0.027368
3 0.012105 0.324737 0.013684 0.034737
1 0.012105 0.281579 0.013684 0.036842
3 0.505789 0.058421 0.022105 0.028421
3 0.535263 0.031579 0.015789 0.031579
