3 0.525263 0.911579 0.014737 0.033684
6 0.523158 0.860526 0.021053 0.047368
3 0.616316 0.808421 0.028421 0.014737
4 0.525789 0.761579 0.015789 0.041053
2 0.523684 0.718421 0.015789 0.034737
1 0.525789 0.632105 0.015789 0.041053
1 0.527368 0.535789 0.016842 0.037895
3 0.499474 0.381053 0.013684 0.035789
1 0.528421 0.325789 0.014737 0.036842
3 0.507368 0.190000 0.033684 0.013684
3 0.377368 0.191053 0.034737 0.013684
3 0.310526 0.191579 0.035789 0.014737
3 0.234737 0.190526 0.031579 0.012632
1 0.274211 0.171053 0.041053 0.015789
3 0.177368 0.190000 0.032632 0.013684
3 0.128947 0.190526 0.030526 0.014737
3 0.146842 0.152105 0.030526 0.013684
3 0.203684 0.148421 0.032632 0.014737
3 0.221053 0.171579 0.031579 0.014737
3 0.119474 0.135263 0.030526 0.017895
3 0.093684 0.111579 0.027368 0.010526
3 0.125263 0.111579 0.029474 0.010526
3 0.159474 0.110526 0.030526 0.012632
3 0.202632 0.110000 0.036842 0.013684
3 0.392632 0.170000 0.033684 0.015789
3 0.299474 0.145789 0.036842 0.013684
3 0.299474 0.128947 0.036842 0.015789
3 0.504211 0.168947 0.035789 0.013684
2 0.481579 0.148421 0.032632 0.012632
3 0.441579 0.127895 0.032632 0.013684
2 0.574211 0.131579 0.030526 0.012632
2 0.620526 0.172632 0.034737 0.014737
3 0.579474 0.194211 0.032632 0.015789
2 0.757368 0.170000 0.032632 0.015789
2 0.681053 0.136842 0.031579 0.014737
3 0.624211 0.151579 0.031579 0.012632
2 0.740526 0.112105 0.028421 0.011579
3 0.698421 0.113158 0.028421 0.011579
3 0.836842 0.149474 0.029474 0.014737
3 0.826842 0.129474 0.030526 0.014737
3 0.774737 0.113158 0.033684 0.011579
3 0.816316 0.112632 0.028421 0.010526
3 0.871579 0.190000 0.027368 0.013684
3 0.872105 0.150526 0.032632 0.014737
3 0.968947 0.131579 0.032632 0.014737
1 0.941579 0.173684 0.045263 0.014737
2 0.903158 0.111579 0.029474 0.016842
3 0.857368 0.112105 0.034737 0.013684
1 0.006842 0.344737 0.011579 0.034737
