3 0.675263 0.814211 0.030526 0.022105
3 0.624211 0.816842 0.029474 0.021053
3 0.688947 0.934737 0.034737 0.023158
3 0.568947 0.917368 0.032632 0.022105
3 0.552632 0.891579 0.035789 0.023158
3 0.320000 0.812105 0.031579 0.022105
2 0.356316 0.744211 0.032632 0.018947
3 0.360000 0.726316 0.029474 0.018947
3 0.432632 0.690526 0.027368 0.016842
3 0.265789 0.694211 0.026316 0.017895
3 0.186316 0.700526 0.029474 0.015789
3 0.164211 0.647895 0.031579 0.015789
3 0.180526 0.770526 0.030526 0.023158
3 0.031053 0.742105 0.028421 0.018947
1 0.510000 0.586316 0.017895 0.050526
3 0.479474 0.567368 0.013684 0.033684
3 0.446842 0.593684 0.013684 0.031579
2 0.450526 0.537895 0.014737 0.035789
3 0.511053 0.521053 0.013684 0.031579
3 0.481053 0.485789 0.014737 0.032632
2 0.446316 0.443684 0.014737 0.032632
3 0.484737 0.401579 0.013684 0.032632
3 0.465263 0.341579 0.018947 0.036842
3 0.478947 0.280000 0.014737 0.035789
3 0.476316 0.215263 0.015789 0.036842
2 0.545789 0.232105 0.030526 0.024211
3 0.503158 0.168421 0.014737 0.033684
2 0.477895 0.153684 0.014737 0.029474
3 0.498421 0.116842 0.011579 0.029474
3 0.553158 0.192632 0.030526 0.014737
3 0.570000 0.209474 0.030526 0.014737
3 0.596316 0.193158 0.032632 0.015789
3 0.642632 0.192105 0.032632 0.013684
3 0.372105 0.229474 0.028421 0.012632
3 0.369474 0.249474 0.029474 0.014737
3 0.328947 0.228947 0.032632 0.013684
2 0.278947 0.228421 0.033684 0.014737
3 0.272105 0.250000 0.028421 0.013684
3 0.231579 0.248947 0.033684 0.013684
3 0.234211 0.226842 0.030526 0.013684
3 0.169474 0.250000 0.033684 0.013684
3 0.152632 0.224211 0.031579 0.014737
4 0.101053 0.304211 0.037895 0.014737
2 0.115789 0.247895 0.035789 0.015789
3 0.115263 0.190526 0.032632 0.014737
3 0.054737 0.189474 0.033684 0.014737
3 0.043684 0.225789 0.028421 0.020000
3 0.064211 0.243684 0.033684 0.015789
1 0.500526 0.053158 0.015789 0.041053
3 0.477368 0.035789 0.011579 0.035789
2 0.690526 0.192105 0.033684 0.015789
3 0.745789 0.193158 0.032632 0.013684
3 0.721053 0.245789 0.033684 0.013684
3 0.836316 0.193158 0.032632 0.015789
2 0.791579 0.193158 0.031579 0.015789
3 0.893158 0.188421 0.036842 0.014737
3 0.922632 0.227368 0.030526 0.014737
1 0.513158 0.362632 0.020000 0.047368
