3 0.354211 0.981579 0.013684 0.032632
3 0.354211 0.946316 0.011579 0.031579
3 0.353684 0.876316 0.014737 0.028421
2 0.354737 0.662632 0.012632 0.030526
3 0.354211 0.617368 0.013684 0.032632
3 0.308421 0.535263 0.012632 0.032632
2 0.333158 0.432632 0.032632 0.012632
1 0.234211 0.383684 0.064211 0.022105
2 0.512105 0.394737 0.030526 0.012632
2 0.452105 0.393684 0.030526 0.012632
6 0.614211 0.412632 0.047368 0.021053
3 0.601053 0.392105 0.029474 0.013684
2 0.686316 0.403684 0.031579 0.013684
1 0.732105 0.441579 0.034737 0.013684
3 0.766316 0.417895 0.029474 0.012632
2 0.858421 0.517895 0.017895 0.033684
3 0.832105 0.543158 0.013684 0.033684
1 0.832105 0.581053 0.015789 0.037895
2 0.831053 0.621053 0.013684 0.031579
2 0.876842 0.585789 0.014737 0.032632
3 0.876842 0.620000 0.014737 0.031579
3 0.876316 0.656316 0.013684 0.032632
3 0.876316 0.690526 0.013684 0.029474
2 0.876842 0.722632 0.012632 0.028421
3 0.830526 0.819474 0.012632 0.032632
3 0.873684 0.873684 0.014737 0.035789
3 0.871579 0.982105 0.016842 0.029474
3 0.855263 0.955263 0.013684 0.038947
3 0.830526 0.663684 0.012632 0.028421
3 0.329474 0.535263 0.014737 0.030526
1 0.964211 0.366842 0.046316 0.020000
3 0.877895 0.194211 0.010526 0.030526
3 0.831579 0.123158 0.012632 0.033684
3 0.831053 0.088421 0.013684 0.031579
3 0.877368 0.090000 0.013684 0.028421
3 0.876842 0.123158 0.012632 0.031579
3 0.878947 0.059474 0.012632 0.030526
3 0.309474 0.281579 0.014737 0.030526
3 0.354211 0.217368 0.011579 0.028421
2 0.354737 0.252632 0.012632 0.031579
3 0.355789 0.185263 0.012632 0.027368
3 0.355263 0.151579 0.013684 0.027368
3 0.355263 0.120526 0.013684 0.026316
2 0.355263 0.087368 0.013684 0.029474
3 0.308947 0.094737 0.013684 0.033684
3 0.310526 0.057895 0.014737 0.037895
3 0.310000 0.020000 0.013684 0.033684
