3 0.218947 0.868421 0.014737 0.033684
6 0.204211 0.952105 0.021053 0.041053
3 0.220000 0.832632 0.014737 0.033684
3 0.220526 0.796842 0.013684 0.033684
3 0.220526 0.762632 0.013684 0.030526
3 0.165789 0.799474 0.013684 0.034737
4 0.202105 0.730000 0.016842 0.041053
3 0.165263 0.730526 0.012632 0.033684
3 0.165263 0.691579 0.012632 0.025263
3 0.165263 0.662105 0.012632 0.031579
3 0.220526 0.610000 0.013684 0.032632
3 0.166842 0.598421 0.013684 0.030526
3 0.189474 0.552632 0.025263 0.016842
3 0.167368 0.500526 0.012632 0.032632
3 0.221579 0.507895 0.013684 0.032632
3 0.166316 0.465263 0.012632 0.033684
3 0.166842 0.429474 0.013684 0.031579
3 0.166316 0.388947 0.012632 0.032632
3 0.167368 0.353158 0.012632 0.034737
2 0.167895 0.315789 0.013684 0.031579
2 0.221579 0.290526 0.013684 0.033684
2 0.167368 0.280000 0.012632 0.033684
6 0.222632 0.235263 0.020000 0.049474
2 0.168421 0.241579 0.014737 0.030526
1 0.220526 0.186316 0.015789 0.035789
3 0.078421 0.121579 0.032632 0.013684
1 0.276316 0.015789 0.038947 0.014737
3 0.345263 0.015789 0.029474 0.012632
3 0.382105 0.015789 0.033684 0.012632
3 0.418947 0.016316 0.029474 0.013684
5 0.414737 0.056842 0.082105 0.021053
5 0.367368 0.096316 0.084211 0.022105
3 0.553684 0.122632 0.033684 0.015789
3 0.712105 0.096842 0.030526 0.012632
3 0.682105 0.073158 0.031579 0.015789
2 0.708421 0.040000 0.029474 0.012632
3 0.642105 0.015789 0.027368 0.014737
3 0.608947 0.015789 0.028421 0.012632
3 0.533684 0.014211 0.029474 0.013684
3 0.694737 0.185789 0.012632 0.030526
3 0.695789 0.227895 0.012632 0.034737
1 0.697895 0.278947 0.016842 0.042105
3 0.751053 0.342105 0.011579 0.029474
3 0.750526 0.310526 0.012632 0.027368
3 0.751053 0.276842 0.013684 0.033684
3 0.736842 0.198421 0.014737 0.030526
3 0.750526 0.243684 0.014737 0.030526
3 0.588947 0.122105 0.028421 0.012632
2 0.880000 0.039474 0.031579 0.015789
3 0.939474 0.017895 0.026316 0.014737
3 0.979474 0.017895 0.030526 0.012632
3 0.898421 0.017368 0.032632 0.013684
3 0.813684 0.017368 0.033684 0.015789
3 0.750526 0.428421 0.014737 0.035789
3 0.722105 0.444737 0.014737 0.032632
3 0.751579 0.467895 0.014737 0.032632
3 0.750000 0.888421 0.013684 0.033684
3 0.750000 0.852632 0.013684 0.031579
