2 0.183684 0.872632 0.013684 0.033684
3 0.287368 0.841579 0.031579 0.013684
3 0.262105 0.923158 0.031579 0.014737
3 0.288421 0.958421 0.031579 0.015789
3 0.288947 0.943684 0.030526 0.013684
3 0.181579 0.959474 0.011579 0.028421
4 0.286842 0.990000 0.026316 0.013684
4 0.250526 0.727895 0.014737 0.036842
4 0.183684 0.676842 0.015789 0.037895
3 0.148421 0.754211 0.016842 0.032632
3 0.184737 0.588421 0.013684 0.033684
3 0.287895 0.667895 0.032632 0.015789
3 0.289474 0.633684 0.031579 0.014737
3 0.115263 0.686316 0.013684 0.035789
3 0.089474 0.685789 0.014737 0.034737
3 0.290000 0.578947 0.028421 0.014737
3 0.291053 0.544737 0.030526 0.015789
3 0.185789 0.553684 0.013684 0.031579
3 0.364737 0.485789 0.032632 0.013684
3 0.482105 0.488947 0.027368 0.013684
3 0.541579 0.464211 0.028421 0.012632
3 0.624737 0.441053 0.030526 0.025263
3 0.479474 0.424737 0.034737 0.013684
3 0.426842 0.423158 0.038947 0.014737
4 0.372632 0.423158 0.037895 0.014737
3 0.535789 0.490526 0.031579 0.014737
3 0.326316 0.488421 0.027368 0.012632
2 0.754737 0.491579 0.029474 0.014737
3 0.715789 0.491579 0.035789 0.014737
4 0.672632 0.491579 0.035789 0.014737
3 0.725789 0.396842 0.032632 0.016842
3 0.690000 0.397368 0.032632 0.015789
3 0.603158 0.377368 0.033684 0.015789
4 0.604737 0.338421 0.041053 0.017895
1 0.692632 0.318421 0.037895 0.015789
4 0.736842 0.318421 0.037895 0.015789
3 0.735789 0.360526 0.035789 0.013684
3 0.694211 0.359474 0.036842 0.015789
3 0.601053 0.356842 0.033684 0.012632
3 0.821579 0.391053 0.032632 0.015789
6 0.836316 0.370526 0.062105 0.018947
3 0.845789 0.350526 0.028421 0.014737
3 0.835789 0.326842 0.033684 0.015789
4 0.840000 0.308421 0.042105 0.014737
3 0.844737 0.286842 0.028421 0.013684
3 0.728947 0.277895 0.030526 0.012632
3 0.691053 0.277895 0.030526 0.012632
3 0.735789 0.255263 0.031579 0.013684
3 0.695789 0.254737 0.029474 0.012632
3 0.731579 0.237895 0.031579 0.012632
3 0.603158 0.234737 0.031579 0.016842
3 0.603158 0.173684 0.040000 0.014737
3 0.599474 0.154211 0.030526 0.015789
3 0.604737 0.134211 0.034737 0.013684
3 0.556316 0.109474 0.032632 0.016842
3 0.556842 0.126842 0.029474 0.011579
3 0.476842 0.031053 0.031579 0.013684
4 0.642105 0.033684 0.014737 0.035789
2 0.679474 0.033158 0.013684 0.028421
3 0.738947 0.040000 0.014737 0.031579
3 0.686316 0.136316 0.035789 0.013684
3 0.691579 0.175789 0.033684 0.014737
3 0.691579 0.157368 0.033684 0.013684
3 0.727368 0.137368 0.029474 0.013684
3 0.733684 0.154737 0.033684 0.014737
3 0.734737 0.175263 0.031579 0.013684
3 0.731579 0.195789 0.031579 0.014737
3 0.690000 0.196316 0.030526 0.017895
3 0.685789 0.216316 0.030526 0.013684
4 0.733684 0.218421 0.037895 0.013684
3 0.846842 0.203684 0.032632 0.015789
3 0.843158 0.180526 0.031579 0.013684
3 0.843684 0.162105 0.034737 0.014737
3 0.843684 0.142632 0.032632 0.015789
3 0.896316 0.124737 0.013684 0.034737
3 0.982632 0.160000 0.015789 0.035789
3 0.980526 0.241579 0.015789 0.032632
3 0.847895 0.117368 0.036842 0.015789
3 0.851053 0.098947 0.034737 0.016842
3 0.795263 0.041579 0.013684 0.032632
3 0.606316 0.109474 0.031579 0.014737
3 0.252632 0.257368 0.014737 0.032632
3 0.252105 0.214211 0.013684 0.032632
3 0.253158 0.137368 0.013684 0.030526
3 0.253684 0.038947 0.014737 0.035789
3 0.152632 0.364737 0.027368 0.013684
3 0.151053 0.347895 0.028421 0.013684
4 0.118421 0.423684 0.034737 0.013684
3 0.060000 0.418947 0.033684 0.014737
3 0.981579 0.120000 0.013684 0.033684
2 0.897368 0.076316 0.015789 0.034737
3 0.288947 0.900000 0.030526 0.012632
3 0.652632 0.891579 0.016842 0.033684
3 0.603684 0.836316 0.034737 0.015789
3 0.596316 0.813158 0.030526 0.013684
3 0.593158 0.798421 0.026316 0.013684
3 0.593158 0.781579 0.032632 0.013684
3 0.692105 0.782105 0.030526 0.012632
3 0.716316 0.732632 0.013684 0.031579
2 0.655789 0.942105 0.014737 0.035789
2 0.913158 0.956316 0.015789 0.036842
3 0.891053 0.890000 0.013684 0.036842
2 0.891053 0.850000 0.015789 0.034737
3 0.915263 0.792632 0.013684 0.031579
2 0.892105 0.775263 0.013684 0.034737
3 0.979474 0.656316 0.015789 0.032632
3 0.710526 0.640526 0.037895 0.015789
3 0.960526 0.904211 0.011579 0.025263
3 0.150000 0.282105 0.026316 0.012632
3 0.038947 0.487368 0.035789 0.014737
3 0.106316 0.487895 0.027368 0.013684
