3 0.091579 0.890526 0.012632 0.029474
3 0.117895 0.831579 0.025263 0.012632
2 0.125789 0.783684 0.032632 0.015789
3 0.126316 0.765789 0.033684 0.013684
3 0.233684 0.756316 0.012632 0.028421
3 0.127368 0.799474 0.031579 0.013684
2 0.317368 0.650526 0.015789 0.033684
4 0.124211 0.607368 0.042105 0.014737
1 0.093684 0.628947 0.040000 0.015789
4 0.070526 0.606842 0.033684 0.015789
3 0.165789 0.661053 0.011579 0.023158
3 0.169474 0.543684 0.014737 0.034737
3 0.044211 0.446316 0.014737 0.037895
3 0.016316 0.445263 0.011579 0.029474
3 0.531579 0.708947 0.033684 0.015789
2 0.532632 0.744211 0.033684 0.014737
3 0.456842 0.768947 0.031579 0.011579
3 0.420000 0.752105 0.027368 0.011579
3 0.415263 0.785789 0.030526 0.013684
3 0.453684 0.804737 0.029474 0.015789
3 0.452632 0.822632 0.029474 0.013684
3 0.417895 0.822105 0.029474 0.012632
3 0.470000 0.649474 0.013684 0.031579
3 0.490526 0.652105 0.014737 0.034737
3 0.442105 0.645263 0.014737 0.029474
3 0.422105 0.647895 0.012632 0.030526
3 0.374737 0.649474 0.012632 0.033684
3 0.331053 0.924737 0.032632 0.015789
3 0.526842 0.930526 0.028421 0.016842
3 0.823684 0.787368 0.024211 0.031579
3 0.826316 0.728421 0.031579 0.035789
3 0.823158 0.685263 0.029474 0.031579
3 0.826316 0.633158 0.027368 0.026316
3 0.781579 0.769474 0.041053 0.016842
3 0.781053 0.751579 0.037895 0.014737
3 0.781579 0.733684 0.034737 0.012632
3 0.782105 0.718421 0.033684 0.015789
3 0.782632 0.700000 0.032632 0.014737
3 0.783684 0.683684 0.032632 0.013684
3 0.656842 0.749474 0.029474 0.021053
3 0.672632 0.803684 0.016842 0.028421
3 0.657368 0.693158 0.028421 0.022105
3 0.657895 0.611053 0.027368 0.024211
3 0.722105 0.633158 0.031579 0.024211
3 0.721053 0.613684 0.027368 0.021053
3 0.783158 0.562105 0.033684 0.014737
3 0.783158 0.649474 0.033684 0.014737
3 0.781579 0.631053 0.034737 0.015789
3 0.784211 0.614211 0.033684 0.015789
3 0.783684 0.598421 0.032632 0.013684
3 0.724737 0.594737 0.028421 0.018947
3 0.724737 0.543684 0.032632 0.024211
3 0.658421 0.522632 0.028421 0.030526
3 0.724737 0.507368 0.030526 0.023158
3 0.787895 0.462632 0.034737 0.015789
3 0.787368 0.512105 0.033684 0.015789
3 0.787368 0.495789 0.033684 0.012632
3 0.787368 0.478421 0.033684 0.013684
3 0.786842 0.530526 0.032632 0.012632
3 0.785789 0.546842 0.032632 0.011579
3 0.784211 0.582105 0.035789 0.014737
3 0.721053 0.742632 0.033684 0.017895
3 0.722105 0.725263 0.029474 0.018947
3 0.724211 0.707895 0.033684 0.020000
3 0.723684 0.688421 0.030526 0.016842
3 0.724737 0.670000 0.030526 0.017895
3 0.722632 0.653684 0.030526 0.018947
3 0.723684 0.575263 0.030526 0.017895
3 0.725263 0.559474 0.031579 0.017895
3 0.725263 0.525263 0.029474 0.021053
3 0.656316 0.634211 0.030526 0.026316
2 0.825789 0.593158 0.030526 0.030526
3 0.921053 0.647368 0.012632 0.035789
3 0.941053 0.636842 0.016842 0.033684
3 0.898421 0.573684 0.015789 0.035789
3 0.922105 0.534211 0.012632 0.034737
3 0.827895 0.480526 0.028421 0.026316
3 0.827368 0.506842 0.025263 0.030526
3 0.898421 0.466316 0.015789 0.035789
3 0.861053 0.386842 0.031579 0.017895
3 0.923684 0.337368 0.013684 0.028421
3 0.834211 0.257895 0.030526 0.029474
2 0.836842 0.295789 0.014737 0.029474
3 0.798947 0.158421 0.033684 0.015789
3 0.832632 0.174211 0.033684 0.022105
3 0.795263 0.216316 0.030526 0.015789
3 0.781579 0.292632 0.011579 0.031579
3 0.751579 0.291579 0.014737 0.031579
3 0.667895 0.282632 0.034737 0.015789
3 0.668421 0.302105 0.031579 0.014737
3 0.667368 0.264211 0.031579 0.012632
3 0.701053 0.246842 0.033684 0.013684
3 0.666316 0.248421 0.031579 0.014737
3 0.666842 0.213684 0.034737 0.014737
3 0.704211 0.213684 0.031579 0.014737
3 0.703158 0.196316 0.029474 0.015789
2 0.707895 0.178947 0.028421 0.014737
3 0.703158 0.125263 0.031579 0.014737
3 0.703158 0.143684 0.033684 0.015789
3 0.670000 0.142105 0.030526 0.014737
3 0.670000 0.123158 0.032632 0.014737
3 0.637895 0.123684 0.031579 0.013684
3 0.703684 0.159474 0.032632 0.013684
3 0.670000 0.158947 0.030526 0.012632
3 0.668421 0.174737 0.029474 0.012632
3 0.669474 0.195263 0.029474 0.013684
3 0.633158 0.195263 0.030526 0.011579
3 0.601053 0.193684 0.029474 0.012632
2 0.630526 0.230526 0.029474 0.014737
3 0.633158 0.247368 0.030526 0.014737
3 0.634211 0.263684 0.032632 0.013684
3 0.598947 0.265263 0.029474 0.014737
3 0.597368 0.301053 0.032632 0.014737
3 0.637895 0.140000 0.029474 0.012632
2 0.357368 0.334211 0.032632 0.013684
4 0.306316 0.335789 0.040000 0.016842
3 0.239474 0.194211 0.015789 0.030526
3 0.238947 0.154737 0.014737 0.033684
3 0.547368 0.040526 0.033684 0.013684
4 0.542105 0.060526 0.033684 0.015789
3 0.965789 0.473684 0.011579 0.035789
3 0.956842 0.905789 0.014737 0.034737
