3 0.142105 0.694737 0.014737 0.033684
3 0.143684 0.662632 0.013684 0.028421
3 0.124211 0.694737 0.014737 0.033684
3 0.126316 0.662632 0.014737 0.030526
3 0.108947 0.661579 0.013684 0.030526
3 0.090000 0.661579 0.015789 0.030526
3 0.105789 0.693158 0.015789 0.032632
3 0.087895 0.693684 0.013684 0.031579
3 0.070526 0.693684 0.014737 0.031579
3 0.054737 0.694211 0.012632 0.030526
3 0.335789 0.881053 0.014737 0.033684
3 0.485789 0.982632 0.015789 0.034737
3 0.468947 0.984737 0.015789 0.030526
3 0.555263 0.983158 0.013684 0.033684
3 0.573684 0.985263 0.012632 0.029474
2 0.539474 0.911053 0.013684 0.032632
2 0.536842 0.938421 0.031579 0.015789
3 0.503158 0.936842 0.029474 0.014737
2 0.501579 0.956842 0.030526 0.014737
3 0.466842 0.956316 0.032632 0.015789
3 0.430000 0.956842 0.032632 0.014737
2 0.429474 0.940000 0.031579 0.012632
2 0.436316 0.911579 0.013684 0.031579
2 0.453158 0.913158 0.013684 0.034737
3 0.419474 0.910526 0.013684 0.033684
3 0.470000 0.911579 0.013684 0.031579
3 0.487368 0.911579 0.012632 0.027368
3 0.574737 0.910526 0.014737 0.031579
3 0.608421 0.920526 0.014737 0.034737
3 0.627895 0.922105 0.013684 0.031579
3 0.645263 0.922105 0.014737 0.031579
3 0.663684 0.921053 0.013684 0.029474
3 0.678947 0.920000 0.012632 0.027368
3 0.695789 0.917368 0.014737 0.032632
2 0.713158 0.917368 0.013684 0.030526
3 0.696316 0.987368 0.013684 0.025263
3 0.730526 0.985263 0.014737 0.025263
3 0.782105 0.982105 0.016842 0.029474
3 0.802105 0.919474 0.014737 0.032632
2 0.786316 0.875263 0.014737 0.030526
3 0.821579 0.917368 0.015789 0.036842
3 0.837895 0.917895 0.014737 0.035789
3 0.866842 0.918947 0.013684 0.037895
3 0.835263 0.873684 0.013684 0.033684
4 0.841053 0.761579 0.016842 0.041053
4 0.822105 0.761053 0.014737 0.040000
4 0.799474 0.756842 0.013684 0.035789
3 0.965263 0.876842 0.014737 0.033684
3 0.804211 0.873158 0.014737 0.028421
3 0.819474 0.871053 0.013684 0.028421
3 0.851053 0.872632 0.013684 0.029474
3 0.867368 0.872632 0.012632 0.027368
4 0.882632 0.749474 0.013684 0.044211
2 0.795263 0.670000 0.028421 0.015789
2 0.796316 0.653158 0.028421 0.013684
3 0.799474 0.634211 0.030526 0.011579
3 0.797368 0.618947 0.028421 0.014737
2 0.797895 0.600526 0.027368 0.013684
2 0.858421 0.587895 0.032632 0.013684
2 0.857895 0.603684 0.029474 0.015789
3 0.855263 0.621053 0.030526 0.014737
2 0.856316 0.671053 0.030526 0.013684
2 0.933684 0.688947 0.031579 0.015789
2 0.974737 0.689474 0.031579 0.016842
2 0.975263 0.673158 0.030526 0.017895
2 0.937368 0.653158 0.034737 0.013684
3 0.936842 0.670526 0.029474 0.012632
2 0.981053 0.604211 0.033684 0.016842
3 0.940000 0.633684 0.035789 0.014737
3 0.938421 0.618947 0.036842 0.012632
2 0.937895 0.603684 0.035789 0.015789
3 0.940526 0.581053 0.030526 0.014737
3 0.906316 0.594737 0.014737 0.027368
2 0.937895 0.564737 0.035789 0.013684
3 0.939474 0.543158 0.034737 0.014737
3 0.853684 0.539474 0.033684 0.015789
3 0.857368 0.555789 0.028421 0.012632
2 0.798947 0.554737 0.029474 0.014737
2 0.800000 0.581579 0.029474 0.015789
3 0.856316 0.656316 0.030526 0.013684
3 0.855263 0.636842 0.032632 0.012632
3 0.932105 0.469474 0.015789 0.033684
3 0.915789 0.466842 0.014737 0.030526
3 0.898947 0.468947 0.014737 0.034737
1 0.880526 0.469474 0.015789 0.035789
3 0.715789 0.538947 0.031579 0.025263
3 0.558421 0.800000 0.032632 0.014737
3 0.524211 0.800000 0.031579 0.012632
3 0.526842 0.783158 0.030526 0.012632
3 0.529474 0.767368 0.031579 0.014737
3 0.529474 0.751053 0.033684 0.013684
2 0.528947 0.733684 0.034737 0.014737
3 0.528947 0.716316 0.034737 0.015789
3 0.525789 0.667895 0.032632 0.015789
3 0.527368 0.651579 0.031579 0.016842
3 0.662632 0.844211 0.032632 0.025263
3 0.192105 0.848421 0.026316 0.016842
3 0.231579 0.857368 0.031579 0.026316
3 0.247368 0.743158 0.033684 0.016842
3 0.245263 0.708421 0.035789 0.016842
2 0.211579 0.655263 0.033684 0.015789
3 0.212105 0.638947 0.034737 0.014737
3 0.212105 0.604211 0.030526 0.014737
3 0.249474 0.657368 0.031579 0.015789
3 0.250000 0.674737 0.032632 0.014737
3 0.213158 0.674211 0.034737 0.013684
3 0.213684 0.692105 0.033684 0.013684
3 0.211053 0.707368 0.030526 0.014737
3 0.143684 0.603684 0.015789 0.034737
3 0.126316 0.571053 0.014737 0.034737
3 0.107895 0.571053 0.015789 0.034737
3 0.074211 0.570526 0.013684 0.031579
3 0.092105 0.569474 0.013684 0.027368
3 0.038947 0.661053 0.014737 0.029474
3 0.020526 0.694211 0.013684 0.030526
3 0.038421 0.694211 0.015789 0.030526
3 0.020000 0.661579 0.012632 0.030526
3 0.040000 0.604737 0.012632 0.032632
3 0.041579 0.569474 0.013684 0.033684
3 0.056842 0.570000 0.012632 0.032632
3 0.092105 0.603684 0.013684 0.032632
3 0.075263 0.604737 0.013684 0.030526
3 0.057368 0.604737 0.015789 0.030526
3 0.023684 0.569474 0.013684 0.033684
3 0.008421 0.570526 0.014737 0.033684
3 0.006316 0.605263 0.010526 0.031579
3 0.006316 0.662105 0.010526 0.031579
3 0.143684 0.569474 0.013684 0.029474
3 0.146842 0.507895 0.011579 0.030526
3 0.131579 0.508947 0.012632 0.028421
3 0.051579 0.510000 0.012632 0.028421
3 0.082632 0.508421 0.013684 0.031579
3 0.098421 0.507895 0.013684 0.030526
3 0.066842 0.509474 0.013684 0.029474
3 0.030000 0.460000 0.022105 0.033684
3 0.018947 0.509474 0.012632 0.031579
3 0.249474 0.517895 0.031579 0.014737
3 0.249474 0.501579 0.031579 0.015789
3 0.217368 0.500000 0.028421 0.012632
3 0.216842 0.516316 0.029474 0.013684
3 0.215263 0.533684 0.034737 0.014737
3 0.216316 0.553158 0.032632 0.013684
3 0.250000 0.589474 0.032632 0.016842
3 0.249474 0.606842 0.031579 0.013684
3 0.214737 0.587368 0.031579 0.012632
3 0.214737 0.570526 0.029474 0.012632
3 0.250000 0.535263 0.028421 0.013684
3 0.669474 0.228947 0.031579 0.013684
3 0.533684 0.259474 0.029474 0.026316
3 0.640526 0.077368 0.013684 0.028421
3 0.656316 0.077368 0.013684 0.030526
3 0.675263 0.087368 0.013684 0.035789
3 0.586842 0.025789 0.032632 0.026316
3 0.580000 0.009474 0.033684 0.016842
3 0.530000 0.062632 0.013684 0.036842
2 0.513158 0.064211 0.013684 0.031579
4 0.468421 0.064211 0.035789 0.025263
3 0.443684 0.010526 0.032632 0.014737
4 0.447895 0.033158 0.041053 0.032632
3 0.482105 0.010000 0.035789 0.013684
3 0.560526 0.052632 0.028421 0.031579
4 0.782632 0.162105 0.038947 0.016842
3 0.257895 0.388421 0.033684 0.014737
3 0.258421 0.244211 0.026316 0.025263
3 0.221053 0.225789 0.037895 0.028421
3 0.143158 0.313684 0.031579 0.014737
2 0.257368 0.208421 0.015789 0.027368
3 0.129474 0.762105 0.012632 0.029474
4 0.722105 0.833158 0.042105 0.013684
3 0.946316 0.912632 0.016842 0.029474
3 0.917368 0.876316 0.013684 0.034737
3 0.933158 0.874737 0.013684 0.031579
4 0.933684 0.739474 0.014737 0.034737
4 0.955263 0.741053 0.015789 0.035789
4 0.974737 0.740526 0.014737 0.038947
2 0.981053 0.584211 0.033684 0.016842
