3 0.828421 0.764737 0.014737 0.034737
3 0.846316 0.767895 0.014737 0.032632
2 0.864737 0.769474 0.013684 0.031579
2 0.882105 0.771579 0.014737 0.033684
2 0.902105 0.765789 0.008421 0.017895
2 0.916842 0.772105 0.014737 0.032632
2 0.934737 0.771579 0.012632 0.033684
4 0.952632 0.770526 0.014737 0.037895
4 0.977895 0.769474 0.031579 0.040000
2 0.830000 0.831053 0.015789 0.032632
3 0.893684 0.925263 0.037895 0.014737
2 0.892632 0.909474 0.029474 0.014737
3 0.892105 0.893158 0.030526 0.013684
3 0.892632 0.875263 0.027368 0.015789
3 0.888421 0.859474 0.029474 0.013684
2 0.935789 0.857895 0.033684 0.014737
2 0.935263 0.840526 0.030526 0.015789
4 0.972632 0.839474 0.035789 0.017895
1 0.930526 0.801053 0.037895 0.014737
4 0.971053 0.801053 0.036842 0.012632
2 0.935789 0.820526 0.033684 0.015789
4 0.972105 0.818947 0.036842 0.016842
3 0.785789 0.817368 0.030526 0.013684
2 0.787368 0.800000 0.029474 0.012632
2 0.784211 0.853158 0.029474 0.013684
3 0.783684 0.887368 0.034737 0.012632
3 0.783158 0.905789 0.031579 0.011579
3 0.783158 0.942632 0.031579 0.013684
3 0.746842 0.852105 0.034737 0.015789
3 0.746842 0.869474 0.032632 0.014737
3 0.747368 0.833158 0.033684 0.015789
3 0.748421 0.815263 0.033684 0.013684
3 0.746316 0.797895 0.031579 0.014737
3 0.897368 0.820526 0.032632 0.013684
3 0.894737 0.837368 0.033684 0.013684
3 0.860526 0.877368 0.013684 0.028421
3 0.880526 0.954737 0.030526 0.027368
3 0.887895 0.974211 0.034737 0.024211
3 0.744211 0.959474 0.033684 0.015789
3 0.744211 0.941579 0.033684 0.013684
3 0.747895 0.922632 0.034737 0.013684
3 0.748421 0.904211 0.033684 0.014737
3 0.748947 0.886316 0.032632 0.014737
3 0.781579 0.871053 0.028421 0.013684
3 0.747895 0.764737 0.032632 0.013684
4 0.748947 0.982632 0.041053 0.026316
1 0.136316 0.748421 0.060000 0.018947
1 0.130000 0.724737 0.062105 0.017895
1 0.137895 0.700000 0.061053 0.018947
1 0.139474 0.678421 0.062105 0.017895
1 0.084211 0.692632 0.016842 0.058947
1 0.044737 0.671579 0.049474 0.014737
1 0.035789 0.691579 0.056842 0.016842
1 0.032105 0.711579 0.055789 0.016842
1 0.033684 0.733158 0.052632 0.015789
2 0.220526 0.602632 0.013684 0.028421
2 0.275263 0.567368 0.032632 0.012632
4 0.270526 0.431579 0.040000 0.012632
4 0.276316 0.388421 0.034737 0.014737
3 0.276842 0.368421 0.031579 0.012632
3 0.194211 0.304737 0.028421 0.011579
3 0.014737 0.344211 0.027368 0.012632
3 0.413158 0.223158 0.013684 0.027368
3 0.392632 0.217895 0.012632 0.029474
3 0.271579 0.147895 0.031579 0.013684
4 0.268947 0.130526 0.036842 0.014737
3 0.278947 0.104211 0.031579 0.012632
3 0.281053 0.089474 0.033684 0.014737
3 0.970526 0.450000 0.018947 0.032632
3 0.561579 0.316316 0.030526 0.011579
3 0.770526 0.091053 0.014737 0.030526
2 0.788421 0.090000 0.014737 0.028421
3 0.842632 0.082632 0.015789 0.032632
3 0.838421 0.166842 0.017895 0.032632
3 0.818421 0.167895 0.017895 0.032632
3 0.863684 0.080000 0.013684 0.031579
3 0.880000 0.075789 0.012632 0.029474
3 0.934737 0.074211 0.014737 0.032632
3 0.918421 0.073158 0.013684 0.030526
3 0.932632 0.451053 0.012632 0.030526
