3 0.633684 0.066316 0.012632 0.031579
2 0.635789 0.107368 0.012632 0.029474
3 0.632632 0.162632 0.012632 0.030526
4 0.699474 0.197368 0.015789 0.038947
2 0.747368 0.226316 0.033684 0.012632
3 0.726842 0.290000 0.013684 0.034737
4 0.733684 0.152105 0.014737 0.034737
2 0.753158 0.111053 0.013684 0.032632
3 0.700526 0.036842 0.015789 0.031579
3 0.698947 0.089474 0.014737 0.040000
3 0.855263 0.400000 0.032632 0.012632
3 0.799474 0.399474 0.032632 0.013684
3 0.762632 0.396316 0.030526 0.015789
3 0.693684 0.497368 0.012632 0.032632
3 0.693158 0.587368 0.013684 0.031579
3 0.693684 0.545789 0.012632 0.030526
3 0.628947 0.651053 0.013684 0.032632
3 0.693684 0.756316 0.014737 0.032632
3 0.691579 0.806316 0.012632 0.031579
3 0.861579 0.865789 0.015789 0.032632
3 0.708947 0.914737 0.032632 0.021053
3 0.862632 0.961579 0.032632 0.013684
3 0.817895 0.960000 0.031579 0.014737
3 0.918421 0.962105 0.030526 0.014737
3 0.532632 0.945263 0.033684 0.014737
3 0.531053 0.851579 0.013684 0.029474
3 0.503158 0.891053 0.023158 0.009474
3 0.349474 0.939474 0.035789 0.013684
3 0.315789 0.886842 0.031579 0.011579
3 0.417895 0.942105 0.033684 0.012632
3 0.492632 0.944211 0.029474 0.012632
3 0.311053 0.938421 0.030526 0.013684
3 0.454737 0.943684 0.029474 0.013684
2 0.224211 0.940526 0.033684 0.011579
2 0.254737 0.886842 0.033684 0.015789
3 0.222105 0.886316 0.029474 0.012632
3 0.183158 0.940526 0.033684 0.013684
3 0.139474 0.940526 0.034737 0.015789
3 0.102105 0.938947 0.033684 0.012632
3 0.110526 0.659474 0.014737 0.028421
3 0.074737 0.656842 0.012632 0.033684
3 0.055789 0.660000 0.012632 0.031579
3 0.036316 0.645263 0.013684 0.033684
2 0.061579 0.562105 0.011579 0.031579
3 0.118421 0.563158 0.011579 0.029474
2 0.135789 0.558421 0.012632 0.030526
3 0.098947 0.561053 0.014737 0.033684
4 0.162632 0.581579 0.013684 0.034737
3 0.014737 0.570526 0.012632 0.033684
2 0.017368 0.731579 0.028421 0.014737
3 0.017368 0.674211 0.030526 0.013684
3 0.184737 0.663158 0.015789 0.029474
3 0.416842 0.635263 0.014737 0.034737
3 0.581579 0.352632 0.015789 0.031579
2 0.498421 0.347895 0.013684 0.034737
3 0.435789 0.342105 0.012632 0.031579
3 0.394737 0.345789 0.014737 0.032632
3 0.433158 0.280526 0.030526 0.013684
3 0.478947 0.275789 0.031579 0.012632
3 0.401053 0.291579 0.027368 0.012632
3 0.355263 0.344211 0.013684 0.033684
2 0.335263 0.347368 0.013684 0.029474
1 0.292632 0.289474 0.012632 0.031579
3 0.353684 0.294211 0.027368 0.013684
2 0.018947 0.131053 0.029474 0.013684
3 0.027895 0.167895 0.030526 0.011579
3 0.027368 0.184737 0.029474 0.011579
3 0.030000 0.199474 0.028421 0.011579
3 0.028421 0.215789 0.029474 0.012632
4 0.023158 0.234737 0.042105 0.014737
2 0.018947 0.327895 0.031579 0.013684
3 0.046842 0.366842 0.011579 0.032632
3 0.007895 0.367368 0.013684 0.029474
3 0.028947 0.364737 0.011579 0.026316
4 0.933158 0.291053 0.013684 0.034737
2 0.092105 0.441053 0.011579 0.031579
3 0.071053 0.436842 0.013684 0.033684
