3 0.256316 0.031579 0.038947 0.016842
3 0.218947 0.056842 0.035789 0.014737
3 0.259474 0.059474 0.034737 0.013684
3 0.301053 0.060526 0.040000 0.015789
3 0.300526 0.038947 0.038947 0.014737
2 0.356842 0.034211 0.016842 0.036842
3 0.214211 0.078421 0.041053 0.015789
3 0.258421 0.080000 0.038947 0.014737
3 0.303158 0.080000 0.035789 0.012632
3 0.305263 0.098947 0.037895 0.014737
3 0.257895 0.099474 0.040000 0.015789
3 0.214211 0.098947 0.038947 0.014737
3 0.214211 0.120526 0.038947 0.015789
3 0.303684 0.142105 0.038947 0.016842
3 0.256316 0.141579 0.038947 0.017895
3 0.257895 0.122105 0.040000 0.016842
3 0.213684 0.141579 0.037895 0.015789
3 0.303684 0.162632 0.041053 0.017895
3 0.301053 0.183158 0.037895 0.014737
3 0.258947 0.161579 0.040000 0.015789
3 0.214737 0.162632 0.037895 0.015789
3 0.214737 0.183158 0.040000 0.014737
3 0.256316 0.183158 0.038947 0.014737
3 0.214211 0.202632 0.041053 0.015789
3 0.254737 0.202632 0.040000 0.015789
3 0.303684 0.224211 0.041053 0.016842
3 0.255789 0.223684 0.040000 0.017895
3 0.213158 0.224211 0.041053 0.018947
3 0.212632 0.246316 0.040000 0.016842
3 0.255263 0.245789 0.038947 0.015789
3 0.300526 0.266316 0.041053 0.016842
3 0.212105 0.266316 0.041053 0.016842
3 0.257368 0.266842 0.041053 0.017895
3 0.302632 0.245789 0.036842 0.017895
3 0.213684 0.288421 0.040000 0.014737
3 0.257368 0.287895 0.038947 0.015789
3 0.297895 0.289474 0.033684 0.014737
3 0.297895 0.310526 0.040000 0.014737
3 0.298947 0.332105 0.037895 0.015789
2 0.257895 0.328947 0.037895 0.013684
3 0.212632 0.306842 0.040000 0.015789
3 0.213158 0.327368 0.038947 0.016842
2 0.213684 0.349474 0.037895 0.014737
3 0.298421 0.352105 0.038947 0.015789
3 0.254737 0.351053 0.037895 0.015789
3 0.254737 0.371053 0.037895 0.015789
3 0.213684 0.391053 0.037895 0.015789
3 0.254211 0.392105 0.036842 0.015789
3 0.298421 0.392632 0.041053 0.016842
3 0.210526 0.413158 0.040000 0.015789
3 0.256842 0.412632 0.040000 0.014737
3 0.298947 0.414211 0.037895 0.015789
2 0.224211 0.439474 0.033684 0.015789
2 0.261579 0.441053 0.032632 0.014737
3 0.300000 0.373684 0.037895 0.016842
2 0.411053 0.350526 0.036842 0.016842
2 0.418947 0.373684 0.037895 0.018947
2 0.417895 0.394211 0.035789 0.017895
2 0.414211 0.415263 0.036842 0.015789
2 0.417368 0.332105 0.036842 0.017895
2 0.415263 0.311053 0.036842 0.020000
3 0.416316 0.290526 0.036842 0.018947
2 0.416316 0.270000 0.034737 0.017895
2 0.416316 0.248421 0.032632 0.016842
2 0.416842 0.226842 0.035789 0.015789
2 0.417368 0.205263 0.036842 0.016842
2 0.416842 0.185263 0.035789 0.016842
2 0.418421 0.165263 0.034737 0.016842
3 0.419474 0.125263 0.032632 0.014737
3 0.417895 0.144737 0.033684 0.015789
2 0.418947 0.062105 0.035789 0.016842
3 0.418947 0.101579 0.033684 0.015789
3 0.417895 0.081053 0.031579 0.014737
2 0.464211 0.125789 0.033684 0.015789
2 0.463158 0.147895 0.033684 0.015789
3 0.462632 0.166842 0.034737 0.015789
2 0.463684 0.186316 0.034737 0.014737
2 0.462632 0.207895 0.032632 0.015789
3 0.383158 0.033684 0.016842 0.035789
3 0.462632 0.228421 0.032632 0.014737
2 0.462632 0.250526 0.034737 0.014737
2 0.463158 0.269474 0.035789 0.016842
3 0.460000 0.291053 0.033684 0.015789
3 0.460000 0.312105 0.033684 0.015789
2 0.460526 0.331579 0.036842 0.016842
2 0.460000 0.353158 0.035789 0.015789
3 0.461579 0.373158 0.034737 0.015789
2 0.462632 0.396842 0.036842 0.016842
3 0.462105 0.415789 0.033684 0.014737
3 0.418947 0.037895 0.035789 0.014737
2 0.462105 0.037895 0.035789 0.014737
2 0.461579 0.061579 0.036842 0.017895
3 0.463684 0.081579 0.034737 0.015789
3 0.462632 0.103684 0.034737 0.015789
3 0.298421 0.441579 0.032632 0.013684
3 0.412632 0.442632 0.031579 0.013684
3 0.447368 0.445789 0.031579 0.013684
3 0.484211 0.446316 0.031579 0.014737
2 0.501053 0.417895 0.035789 0.016842
2 0.501579 0.395789 0.034737 0.018947
3 0.501053 0.376316 0.037895 0.017895
3 0.499474 0.353684 0.036842 0.016842
3 0.499474 0.334211 0.034737 0.013684
2 0.498947 0.313684 0.035789 0.018947
2 0.500526 0.293684 0.036842 0.016842
2 0.501053 0.250526 0.035789 0.016842
2 0.502105 0.228947 0.035789 0.017895
2 0.503158 0.207895 0.035789 0.017895
2 0.504211 0.146842 0.035789 0.017895
2 0.503684 0.103684 0.036842 0.020000
3 0.504211 0.125789 0.035789 0.015789
3 0.503158 0.082632 0.035789 0.017895
3 0.505263 0.041053 0.037895 0.016842
3 0.547895 0.105263 0.036842 0.018947
3 0.548947 0.126842 0.036842 0.017895
3 0.550526 0.148421 0.033684 0.016842
3 0.547368 0.168947 0.037895 0.017895
3 0.546316 0.187895 0.037895 0.017895
3 0.546842 0.208947 0.038947 0.015789
3 0.546842 0.232105 0.036842 0.017895
3 0.545789 0.251579 0.034737 0.016842
3 0.545263 0.272632 0.037895 0.016842
3 0.546316 0.295263 0.040000 0.017895
3 0.546316 0.315263 0.037895 0.017895
3 0.546316 0.335263 0.037895 0.015789
3 0.545789 0.355789 0.038947 0.018947
3 0.546842 0.377368 0.036842 0.015789
3 0.544737 0.398421 0.038947 0.017895
3 0.544211 0.420000 0.037895 0.016842
3 0.584737 0.419474 0.036842 0.015789
3 0.585789 0.398421 0.036842 0.017895
3 0.586842 0.378947 0.038947 0.016842
3 0.589474 0.355789 0.033684 0.014737
3 0.589474 0.334211 0.033684 0.015789
3 0.585263 0.314737 0.035789 0.016842
3 0.589474 0.295789 0.037895 0.016842
3 0.584737 0.273684 0.036842 0.016842
3 0.585789 0.253158 0.038947 0.017895
3 0.586316 0.230526 0.037895 0.016842
3 0.587368 0.207895 0.035789 0.015789
3 0.585263 0.189474 0.037895 0.016842
3 0.585263 0.168421 0.037895 0.016842
3 0.588421 0.147895 0.035789 0.015789
3 0.588947 0.127895 0.036842 0.015789
3 0.587895 0.105789 0.036842 0.017895
3 0.590000 0.061579 0.034737 0.017895
3 0.629474 0.064737 0.033684 0.015789
3 0.628421 0.084737 0.035789 0.015789
3 0.629474 0.105789 0.033684 0.017895
3 0.629474 0.126842 0.033684 0.013684
3 0.627895 0.147895 0.036842 0.015789
3 0.629474 0.169474 0.037895 0.016842
3 0.630526 0.190000 0.035789 0.017895
3 0.626842 0.210000 0.034737 0.015789
3 0.626316 0.230526 0.035789 0.016842
3 0.630000 0.357895 0.036842 0.016842
3 0.633684 0.313158 0.037895 0.013684
3 0.631579 0.397895 0.037895 0.014737
3 0.630526 0.419474 0.037895 0.017895
3 0.630000 0.376842 0.034737 0.014737
3 0.632105 0.291579 0.036842 0.014737
3 0.632632 0.333684 0.037895 0.016842
3 0.757895 0.040526 0.031579 0.013684
3 0.796842 0.041053 0.035789 0.014737
3 0.757895 0.063684 0.037895 0.017895
3 0.797895 0.064737 0.037895 0.015789
3 0.840000 0.066316 0.035789 0.016842
2 0.751053 0.106842 0.038947 0.017895
2 0.749474 0.128947 0.040000 0.015789
2 0.751053 0.148947 0.038947 0.015789
2 0.794737 0.107895 0.037895 0.015789
2 0.837895 0.109474 0.037895 0.018947
2 0.837895 0.130526 0.042105 0.016842
3 0.793684 0.149474 0.037895 0.016842
3 0.752105 0.191579 0.038947 0.014737
3 0.835789 0.213684 0.037895 0.016842
3 0.835263 0.233684 0.041053 0.014737
2 0.797368 0.272632 0.038947 0.016842
2 0.834737 0.276842 0.033684 0.016842
3 0.837368 0.253684 0.030526 0.014737
3 0.793158 0.212105 0.038947 0.015789
3 0.751053 0.211053 0.038947 0.015789
2 0.759474 0.296316 0.034737 0.017895
2 0.795263 0.296316 0.032632 0.015789
2 0.833158 0.294737 0.032632 0.014737
2 0.757895 0.318421 0.033684 0.015789
2 0.797895 0.316842 0.031579 0.014737
2 0.834737 0.316842 0.031579 0.016842
2 0.757368 0.338947 0.032632 0.014737
2 0.796842 0.339474 0.033684 0.015789
2 0.833684 0.338947 0.031579 0.014737
3 0.755789 0.378421 0.033684 0.015789
3 0.795263 0.379474 0.032632 0.015789
2 0.833684 0.380000 0.035789 0.014737
2 0.754737 0.399474 0.033684 0.015789
2 0.791053 0.400526 0.032632 0.015789
3 0.753684 0.418947 0.033684 0.014737
2 0.791053 0.421053 0.034737 0.016842
2 0.833684 0.421579 0.031579 0.015789
2 0.768421 0.446842 0.031579 0.013684
3 0.804737 0.446842 0.030526 0.013684
2 0.840000 0.446316 0.031579 0.014737
3 0.733158 0.447895 0.034737 0.013684
2 0.670526 0.524211 0.014737 0.035789
3 0.713684 0.522105 0.016842 0.035789
2 0.711053 0.561579 0.015789 0.032632
3 0.597895 0.446316 0.031579 0.014737
3 0.562105 0.445789 0.031579 0.013684
3 0.523684 0.446842 0.034737 0.013684
3 0.638947 0.447895 0.031579 0.013684
2 0.796316 0.564211 0.017895 0.033684
3 0.777368 0.562105 0.017895 0.035789
3 0.732105 0.520526 0.015789 0.032632
2 0.376842 0.521579 0.014737 0.032632
3 0.336842 0.566316 0.016842 0.040000
3 0.399474 0.564211 0.015789 0.035789
3 0.254737 0.565263 0.016842 0.035789
3 0.294737 0.562105 0.016842 0.035789
3 0.254211 0.522105 0.015789 0.031579
3 0.232105 0.561053 0.017895 0.035789
3 0.419474 0.523684 0.013684 0.034737
3 0.420000 0.564737 0.012632 0.032632
3 0.755263 0.520526 0.015789 0.032632
3 0.775263 0.521579 0.015789 0.032632
3 0.796316 0.523684 0.015789 0.036842
3 0.916316 0.595789 0.017895 0.037895
4 0.914737 0.645789 0.016842 0.045263
3 0.912105 0.835263 0.015789 0.038947
3 0.874737 0.826316 0.016842 0.033684
1 0.850526 0.825789 0.016842 0.047368
2 0.865789 0.906842 0.017895 0.034737
3 0.128947 0.751579 0.017895 0.037895
2 0.048947 0.814737 0.013684 0.031579
3 0.179474 0.869474 0.032632 0.014737
2 0.191053 0.986316 0.034737 0.014737
3 0.175789 0.656842 0.040000 0.016842
3 0.128947 0.575263 0.015789 0.041053
3 0.131053 0.521579 0.015789 0.036842
3 0.054211 0.473158 0.015789 0.036842
3 0.051579 0.361053 0.016842 0.037895
3 0.177895 0.931579 0.033684 0.014737
3 0.555263 0.867895 0.043158 0.020000
