4 0.052632 0.933158 0.014737 0.036842
3 0.114211 0.923158 0.013684 0.031579
3 0.052105 0.878421 0.011579 0.028421
3 0.052632 0.836842 0.012632 0.031579
3 0.116316 0.802632 0.011579 0.030526
3 0.152632 0.720526 0.014737 0.030526
3 0.171053 0.721053 0.013684 0.031579
2 0.116842 0.711053 0.012632 0.032632
1 0.054211 0.705263 0.013684 0.035789
3 0.117368 0.676842 0.013684 0.029474
3 0.054211 0.655263 0.011579 0.028421
2 0.116316 0.636842 0.013684 0.027368
2 0.116316 0.533158 0.013684 0.030526
3 0.164737 0.506842 0.013684 0.028421
2 0.153684 0.528421 0.012632 0.029474
3 0.407368 0.561053 0.031579 0.014737
3 0.405789 0.539474 0.032632 0.015789
3 0.406842 0.524211 0.030526 0.012632
2 0.407368 0.507368 0.029474 0.014737
2 0.403684 0.488421 0.030526 0.014737
3 0.352632 0.517368 0.014737 0.032632
3 0.377895 0.650526 0.014737 0.031579
3 0.394211 0.654211 0.011579 0.030526
3 0.521579 0.584211 0.030526 0.014737
3 0.453158 0.442632 0.028421 0.015789
3 0.453684 0.426842 0.029474 0.011579
2 0.402632 0.422105 0.028421 0.012632
2 0.405263 0.436842 0.025263 0.012632
3 0.406842 0.371053 0.028421 0.011579
3 0.406316 0.355263 0.027368 0.011579
3 0.056842 0.366316 0.014737 0.029474
2 0.120000 0.343158 0.012632 0.031579
3 0.056842 0.413684 0.010526 0.033684
3 0.060526 0.296842 0.013684 0.031579
3 0.160000 0.257895 0.012632 0.029474
3 0.177895 0.258421 0.014737 0.030526
4 0.121053 0.252632 0.012632 0.037895
4 0.201579 0.216316 0.034737 0.015789
3 0.203158 0.195263 0.031579 0.015789
3 0.122105 0.155263 0.010526 0.028421
3 0.060000 0.155263 0.012632 0.030526
3 0.058947 0.220526 0.012632 0.028421
2 0.201053 0.066842 0.027368 0.013684
3 0.242632 0.068421 0.030526 0.014737
3 0.304211 0.124737 0.012632 0.026316
4 0.368421 0.068947 0.033684 0.013684
3 0.477895 0.070000 0.029474 0.013684
3 0.406316 0.292632 0.025263 0.012632
3 0.796316 0.960000 0.013684 0.029474
4 0.799474 0.884737 0.013684 0.038947
3 0.828947 0.883158 0.013684 0.027368
3 0.800000 0.790526 0.012632 0.029474
3 0.800000 0.757368 0.012632 0.026316
4 0.852632 0.791053 0.012632 0.032632
2 0.911579 0.791053 0.012632 0.028421
3 0.931579 0.793684 0.014737 0.027368
2 0.801053 0.654737 0.012632 0.027368
3 0.737368 0.715263 0.013684 0.030526
3 0.802105 0.624211 0.012632 0.027368
3 0.740000 0.528947 0.014737 0.032632
3 0.738947 0.621579 0.014737 0.028421
2 0.701053 0.351053 0.031579 0.013684
3 0.841579 0.247895 0.011579 0.028421
3 0.858421 0.247895 0.015789 0.028421
2 0.803684 0.232632 0.013684 0.029474
3 0.807368 0.158421 0.016842 0.034737
3 0.921053 0.074737 0.027368 0.012632
3 0.956316 0.075263 0.030526 0.013684
3 0.905263 0.448947 0.012632 0.028421
3 0.403684 0.786316 0.030526 0.014737
3 0.404737 0.802632 0.026316 0.011579
3 0.404211 0.818421 0.029474 0.011579
3 0.511579 0.835789 0.012632 0.027368
3 0.548947 0.835789 0.013684 0.029474
3 0.445789 0.902632 0.028421 0.013684
3 0.445263 0.924737 0.025263 0.013684
3 0.407895 0.680000 0.032632 0.014737
2 0.342105 0.030526 0.027368 0.012632
3 0.420000 0.007895 0.029474 0.011579
3 0.460000 0.006842 0.029474 0.011579
