3 0.625263 0.894211 0.027368 0.013684
2 0.628421 0.877368 0.029474 0.013684
3 0.626842 0.860526 0.028421 0.011579
3 0.626316 0.843684 0.029474 0.013684
3 0.624211 0.824737 0.029474 0.013684
3 0.628421 0.807368 0.029474 0.014737
3 0.628947 0.790000 0.030526 0.013684
3 0.499474 0.775789 0.030526 0.014737
2 0.537368 0.781579 0.030526 0.015789
2 0.536842 0.797895 0.027368 0.014737
3 0.498421 0.823684 0.028421 0.011579
2 0.394211 0.753684 0.028421 0.012632
3 0.345263 0.738947 0.021053 0.016842
3 0.396842 0.772632 0.025263 0.014737
3 0.336316 0.817895 0.030526 0.025263
3 0.371579 0.838947 0.029474 0.023158
3 0.484737 0.674211 0.028421 0.015789
3 0.276316 0.639474 0.026316 0.017895
4 0.171579 0.659474 0.037895 0.026316
3 0.223684 0.681053 0.028421 0.018947
3 0.469474 0.459474 0.029474 0.015789
3 0.238947 0.389474 0.031579 0.016842
1 0.331579 0.304737 0.037895 0.020000
3 0.167895 0.263684 0.024211 0.015789
3 0.064737 0.323684 0.030526 0.020000
3 0.070000 0.383158 0.026316 0.016842
2 0.012105 0.207895 0.022105 0.022105
4 0.465789 0.127895 0.017895 0.038947
3 0.336316 0.133158 0.030526 0.022105
3 0.345263 0.179474 0.025263 0.020000
4 0.582632 0.216316 0.032632 0.030526
3 0.474211 0.287368 0.024211 0.023158
3 0.870000 0.108421 0.030526 0.027368
3 0.901579 0.090000 0.030526 0.026316
3 0.427895 0.164211 0.034737 0.025263
3 0.667895 0.162632 0.028421 0.024211
2 0.755789 0.342105 0.031579 0.014737
3 0.957368 0.478947 0.034737 0.016842
3 0.882105 0.327895 0.037895 0.015789
3 0.933684 0.724211 0.027368 0.012632
3 0.542105 0.570000 0.029474 0.013684
3 0.542632 0.552105 0.032632 0.013684
3 0.501053 0.561579 0.031579 0.011579
3 0.496316 0.543684 0.032632 0.015789
3 0.495789 0.524211 0.029474 0.012632
3 0.627368 0.569474 0.029474 0.012632
