3 0.305789 0.142632 0.026316 0.032632
3 0.303684 0.436842 0.026316 0.031579
3 0.231053 0.582632 0.022105 0.030526
4 0.067368 0.615263 0.027368 0.034737
3 0.149474 0.823158 0.018947 0.027368
3 0.125263 0.924211 0.021053 0.029474
3 0.524211 0.852632 0.016842 0.035789
3 0.575263 0.638421 0.017895 0.028421
4 0.450000 0.790000 0.015789 0.041053
3 0.597895 0.791579 0.012632 0.035789
3 0.653158 0.694211 0.032632 0.013684
2 0.654211 0.680000 0.032632 0.014737
4 0.786316 0.606316 0.014737 0.037895
4 0.802632 0.605789 0.013684 0.036842
4 0.821579 0.607895 0.015789 0.036842
4 0.839474 0.605789 0.015789 0.034737
3 0.942105 0.634211 0.012632 0.032632
3 0.934211 0.807895 0.017895 0.034737
2 0.958421 0.892632 0.013684 0.035789
3 0.779474 0.733684 0.030526 0.012632
3 0.778947 0.750526 0.027368 0.014737
3 0.778947 0.767368 0.029474 0.012632
3 0.780000 0.781053 0.031579 0.012632
3 0.777895 0.797368 0.029474 0.015789
3 0.778421 0.812632 0.028421 0.012632
3 0.778947 0.826316 0.029474 0.012632
3 0.777895 0.842632 0.029474 0.013684
3 0.664211 0.862632 0.012632 0.028421
2 0.653684 0.920526 0.029474 0.015789
3 0.654737 0.892105 0.029474 0.013684
3 0.685263 0.864211 0.012632 0.029474
3 0.724211 0.864737 0.012632 0.028421
2 0.713158 0.944211 0.015789 0.035789
3 0.695789 0.946842 0.014737 0.034737
3 0.676842 0.945789 0.016842 0.036842
3 0.812632 0.948421 0.012632 0.031579
4 0.800000 0.945789 0.012632 0.036842
3 0.783684 0.945263 0.013684 0.035789
2 0.768947 0.946316 0.013684 0.031579
3 0.749474 0.946316 0.014737 0.033684
3 0.730526 0.946842 0.016842 0.032632
3 0.777895 0.858421 0.031579 0.015789
3 0.869474 0.889474 0.029474 0.014737
3 0.836842 0.887368 0.029474 0.012632
3 0.869474 0.874211 0.031579 0.015789
3 0.838421 0.873158 0.028421 0.015789
3 0.870000 0.857895 0.030526 0.012632
3 0.838947 0.857895 0.027368 0.012632
3 0.838421 0.845789 0.028421 0.011579
3 0.867895 0.845263 0.030526 0.014737
3 0.834737 0.830526 0.029474 0.014737
3 0.868421 0.830526 0.033684 0.012632
3 0.834737 0.815263 0.027368 0.013684
2 0.866316 0.816316 0.033684 0.015789
2 0.833158 0.800526 0.030526 0.013684
3 0.867368 0.799474 0.033684 0.015789
2 0.834211 0.784211 0.030526 0.016842
3 0.866842 0.783684 0.032632 0.013684
3 0.834737 0.767368 0.027368 0.012632
3 0.867895 0.768947 0.032632 0.013684
3 0.868947 0.753158 0.030526 0.013684
2 0.867368 0.736842 0.031579 0.014737
3 0.869474 0.721053 0.029474 0.014737
2 0.867895 0.707368 0.030526 0.012632
3 0.835789 0.706842 0.031579 0.013684
3 0.833158 0.737895 0.028421 0.014737
2 0.834211 0.690526 0.030526 0.014737
2 0.868421 0.691579 0.033684 0.014737
2 0.833158 0.674211 0.028421 0.013684
2 0.868947 0.637368 0.030526 0.015789
3 0.837368 0.640000 0.026316 0.012632
2 0.867368 0.657368 0.029474 0.013684
3 0.837368 0.658421 0.026316 0.011579
3 0.869474 0.675789 0.031579 0.012632
3 0.747368 0.864211 0.014737 0.031579
2 0.618421 0.477895 0.017895 0.031579
3 0.927368 0.542632 0.027368 0.026316
3 0.676316 0.276316 0.022105 0.028421
