1 0.261579 0.151053 0.055789 0.015789
2 0.313684 0.089474 0.033684 0.012632
3 0.493158 0.125263 0.030526 0.012632
3 0.412632 0.088947 0.029474 0.011579
3 0.467895 0.088421 0.028421 0.010526
3 0.466842 0.264737 0.032632 0.013684
3 0.190000 0.145789 0.030526 0.013684
4 0.518947 0.154211 0.050526 0.020000
3 0.116842 0.261053 0.029474 0.016842
5 0.087895 0.209474 0.036842 0.077895
3 0.574737 0.129474 0.031579 0.016842
3 0.661053 0.125789 0.027368 0.015789
3 0.700000 0.090000 0.031579 0.013684
3 0.735789 0.091053 0.031579 0.013684
3 0.784737 0.110526 0.032632 0.016842
3 0.834211 0.110526 0.032632 0.014737
2 0.867895 0.091579 0.032632 0.016842
2 0.910000 0.089474 0.028421 0.014737
3 0.877895 0.107368 0.033684 0.012632
3 0.088421 0.895789 0.014737 0.037895
2 0.087895 0.798947 0.013684 0.033684
1 0.067368 0.780526 0.018947 0.066316
3 0.090526 0.723684 0.014737 0.032632
3 0.070526 0.651053 0.012632 0.034737
3 0.090000 0.606842 0.013684 0.032632
3 0.062632 0.609474 0.013684 0.033684
3 0.116842 0.629474 0.012632 0.033684
3 0.088947 0.522632 0.015789 0.034737
2 0.064211 0.514211 0.014737 0.034737
3 0.327895 0.137895 0.026316 0.014737
3 0.415789 0.125263 0.029474 0.014737
3 0.977895 0.130526 0.035789 0.016842
3 0.015263 0.258947 0.028421 0.014737
3 0.022632 0.104737 0.028421 0.015789
