1 0.061579 0.943158 0.015789 0.037895
3 0.036316 0.952632 0.013684 0.029474
2 0.038421 0.900000 0.015789 0.033684
2 0.062632 0.873684 0.015789 0.033684
3 0.065789 0.783684 0.013684 0.030526
3 0.037895 0.807895 0.012632 0.034737
1 0.042105 0.744737 0.016842 0.038947
3 0.070526 0.735789 0.012632 0.029474
3 0.077368 0.680000 0.015789 0.031579
3 0.054737 0.658947 0.021053 0.031579
3 0.526842 0.702632 0.013684 0.032632
3 0.510526 0.703158 0.014737 0.029474
3 0.476842 0.702632 0.012632 0.032632
3 0.458947 0.700000 0.012632 0.033684
3 0.505263 0.635263 0.031579 0.013684
3 0.505789 0.616842 0.030526 0.014737
1 0.505263 0.600000 0.037895 0.014737
3 0.506316 0.583684 0.027368 0.013684
6 0.595263 0.612105 0.070526 0.024211
1 0.392105 0.567368 0.034737 0.029474
3 0.357368 0.518947 0.028421 0.027368
3 0.386842 0.519474 0.036842 0.030526
3 0.467368 0.519474 0.033684 0.015789
3 0.503684 0.518421 0.030526 0.013684
3 0.472632 0.534737 0.027368 0.012632
3 0.472105 0.551053 0.028421 0.013684
3 0.506842 0.551053 0.032632 0.013684
3 0.506316 0.534211 0.029474 0.013684
3 0.478947 0.567895 0.033684 0.013684
4 0.497895 0.470526 0.042105 0.018947
1 0.584211 0.407368 0.037895 0.014737
1 0.621579 0.421053 0.038947 0.016842
2 0.781053 0.356842 0.014737 0.035789
1 0.582105 0.288947 0.037895 0.013684
1 0.503684 0.289474 0.036842 0.016842
3 0.505263 0.322105 0.027368 0.014737
3 0.506316 0.336842 0.027368 0.012632
3 0.505789 0.371579 0.028421 0.014737
3 0.472105 0.387368 0.030526 0.014737
3 0.504211 0.387895 0.031579 0.013684
3 0.403158 0.365789 0.029474 0.026316
1 0.413684 0.270526 0.035789 0.035789
1 0.402105 0.324211 0.035789 0.035789
3 0.387895 0.395789 0.032632 0.029474
3 0.385789 0.415789 0.028421 0.025263
3 0.416842 0.437368 0.027368 0.024211
1 0.401579 0.450526 0.034737 0.031579
1 0.356842 0.438947 0.035789 0.029474
3 0.357368 0.460000 0.032632 0.027368
3 0.335263 0.546842 0.032632 0.028421
3 0.334737 0.594211 0.027368 0.024211
3 0.308947 0.640526 0.028421 0.026316
3 0.767895 0.636842 0.015789 0.033684
3 0.759474 0.693158 0.015789 0.036842
3 0.760000 0.753158 0.014737 0.030526
3 0.778947 0.734211 0.014737 0.034737
3 0.828947 0.735263 0.013684 0.030526
3 0.850526 0.699474 0.012632 0.034737
3 0.849474 0.733158 0.012632 0.028421
3 0.868947 0.693158 0.013684 0.032632
3 0.887895 0.695263 0.013684 0.030526
2 0.903158 0.633158 0.014737 0.032632
3 0.922105 0.693684 0.016842 0.040000
2 0.868947 0.730526 0.013684 0.031579
2 0.886842 0.731053 0.015789 0.034737
3 0.923684 0.731053 0.015789 0.028421
3 0.978947 0.701579 0.014737 0.038947
3 0.968421 0.595789 0.014737 0.031579
3 0.961053 0.729474 0.012632 0.035789
3 0.834211 0.673158 0.013684 0.034737
2 0.854211 0.628947 0.013684 0.034737
3 0.782105 0.787368 0.012632 0.033684
3 0.420000 0.142105 0.033684 0.027368
3 0.414737 0.161579 0.027368 0.024211
2 0.414737 0.224737 0.029474 0.024211
3 0.402632 0.193684 0.030526 0.025263
1 0.492632 0.133158 0.037895 0.017895
1 0.492632 0.115789 0.037895 0.021053
1 0.493158 0.095789 0.034737 0.018947
3 0.610000 0.055789 0.011579 0.029474
3 0.629474 0.062632 0.014737 0.030526
2 0.646842 0.062105 0.015789 0.035789
3 0.598947 0.140526 0.035789 0.015789
3 0.785789 0.045789 0.013684 0.028421
2 0.782105 0.186316 0.012632 0.029474
3 0.708421 0.600526 0.040000 0.015789
3 0.898421 0.527368 0.013684 0.033684
2 0.825263 0.472632 0.033684 0.016842
3 0.283158 0.152105 0.018947 0.030526
2 0.245789 0.057895 0.015789 0.031579
3 0.261579 0.056316 0.013684 0.028421
3 0.064211 0.118421 0.018947 0.032632
2 0.133684 0.320000 0.016842 0.029474
2 0.075789 0.352105 0.016842 0.032632
3 0.097368 0.508947 0.015789 0.032632
1 0.026842 0.136842 0.022105 0.037895
1 0.782105 0.849474 0.014737 0.042105
3 0.758947 0.807895 0.012632 0.030526
3 0.755263 0.850526 0.013684 0.031579
3 0.763684 0.897368 0.013684 0.030526
1 0.752105 0.957368 0.013684 0.038947
