3 0.228421 0.046842 0.021053 0.032632
3 0.215789 0.121053 0.018947 0.033684
3 0.242105 0.147368 0.014737 0.031579
3 0.240526 0.088421 0.013684 0.029474
4 0.045263 0.098947 0.037895 0.014737
3 0.055263 0.114737 0.024211 0.010526
2 0.061053 0.180526 0.031579 0.017895
2 0.053684 0.159474 0.031579 0.015789
3 0.023158 0.159474 0.029474 0.011579
3 0.024211 0.127368 0.031579 0.016842
3 0.055263 0.128947 0.028421 0.015789
3 0.220526 0.214211 0.015789 0.034737
3 0.245263 0.233158 0.012632 0.030526
3 0.244737 0.187368 0.013684 0.029474
3 0.361579 0.170000 0.028421 0.028421
3 0.222105 0.276842 0.014737 0.031579
3 0.246842 0.287895 0.015789 0.034737
3 0.227368 0.355789 0.014737 0.031579
3 0.253158 0.351053 0.015789 0.032632
2 0.252105 0.394737 0.015789 0.031579
3 0.230526 0.407895 0.014737 0.032632
3 0.259474 0.439474 0.013684 0.034737
3 0.235789 0.454211 0.016842 0.026316
3 0.242105 0.505263 0.016842 0.033684
3 0.262105 0.503158 0.016842 0.033684
3 0.271053 0.546316 0.013684 0.031579
3 0.246316 0.548947 0.014737 0.030526
3 0.272105 0.592105 0.015789 0.030526
3 0.272632 0.642632 0.014737 0.034737
3 0.248421 0.608947 0.014737 0.032632
3 0.202105 0.555263 0.016842 0.034737
3 0.277368 0.697368 0.013684 0.032632
3 0.282105 0.752632 0.012632 0.031579
3 0.249474 0.661579 0.014737 0.032632
2 0.285263 0.863684 0.012632 0.032632
3 0.286316 0.919474 0.012632 0.028421
1 0.128947 0.916316 0.032632 0.036842
3 0.097895 0.818421 0.033684 0.015789
3 0.284737 0.970526 0.015789 0.035789
3 0.266842 0.854211 0.013684 0.030526
3 0.284737 0.801053 0.015789 0.029474
3 0.467895 0.030000 0.028421 0.015789
3 0.533158 0.036316 0.030526 0.015789
3 0.426316 0.036842 0.025263 0.012632
2 0.946316 0.684211 0.014737 0.035789
3 0.956316 0.245789 0.013684 0.036842
2 0.953158 0.162632 0.015789 0.034737
3 0.695263 0.037895 0.030526 0.014737
5 0.055789 0.900000 0.071579 0.069474
