3 0.436842 0.191579 0.014737 0.029474
1 0.640526 0.211053 0.034737 0.024211
2 0.641579 0.260526 0.032632 0.015789
3 0.641579 0.279474 0.030526 0.013684
2 0.642632 0.302632 0.030526 0.013684
3 0.641579 0.328421 0.028421 0.012632
3 0.525263 0.263158 0.012632 0.033684
3 0.518421 0.193684 0.013684 0.029474
3 0.548421 0.196842 0.012632 0.027368
3 0.486316 0.191053 0.012632 0.026316
3 0.469474 0.194211 0.014737 0.028421
3 0.414211 0.264737 0.030526 0.015789
3 0.412632 0.342632 0.031579 0.015789
3 0.496316 0.304737 0.026316 0.013684
3 0.490000 0.320526 0.030526 0.015789
3 0.520526 0.360526 0.032632 0.013684
3 0.519474 0.342105 0.028421 0.012632
3 0.486316 0.360000 0.029474 0.014737
2 0.590526 0.430526 0.029474 0.014737
1 0.640526 0.455263 0.024211 0.034737
3 0.603684 0.454737 0.020000 0.029474
3 0.483684 0.443684 0.032632 0.015789
3 0.483158 0.458947 0.029474 0.014737
3 0.483158 0.491053 0.031579 0.015789
3 0.518421 0.494737 0.028421 0.016842
3 0.517368 0.512632 0.028421 0.016842
3 0.622105 0.590526 0.021053 0.029474
3 0.286842 0.515789 0.015789 0.031579
3 0.354737 0.464211 0.016842 0.035789
3 0.330526 0.614737 0.010526 0.029474
2 0.412632 0.361579 0.031579 0.017895
3 0.520000 0.377368 0.029474 0.015789
3 0.482105 0.410526 0.027368 0.014737
3 0.492632 0.256316 0.029474 0.013684
3 0.489474 0.273684 0.027368 0.012632
3 0.483684 0.394737 0.028421 0.014737
3 0.519474 0.393684 0.030526 0.012632
3 0.708947 0.542105 0.020000 0.027368
3 0.826316 0.596842 0.012632 0.031579
3 0.925263 0.382105 0.012632 0.033684
3 0.306316 0.862632 0.014737 0.032632
3 0.352632 0.747368 0.012632 0.031579
3 0.284737 0.680526 0.013684 0.032632
3 0.456316 0.894737 0.034737 0.014737
3 0.449474 0.925789 0.029474 0.013684
3 0.353158 0.963684 0.015789 0.034737
2 0.578421 0.900526 0.030526 0.015789
3 0.591579 0.923684 0.029474 0.015789
3 0.646842 0.900526 0.030526 0.013684
3 0.698421 0.903158 0.032632 0.014737
3 0.742632 0.901053 0.030526 0.014737
3 0.747895 0.926316 0.032632 0.014737
3 0.830000 0.902105 0.032632 0.016842
2 0.917895 0.912632 0.016842 0.033684
3 0.925789 0.795789 0.013684 0.031579
3 0.290000 0.262105 0.013684 0.033684
3 0.339474 0.213158 0.013684 0.034737
3 0.316316 0.199474 0.013684 0.032632
4 0.271053 0.201053 0.026316 0.037895
3 0.225263 0.160526 0.027368 0.024211
3 0.075263 0.137368 0.032632 0.013684
3 0.014737 0.140526 0.027368 0.013684
3 0.518947 0.441579 0.031579 0.013684
