3 0.174737 0.645789 0.018947 0.038947
3 0.190526 0.637895 0.012632 0.031579
3 0.207895 0.623158 0.015789 0.031579
3 0.223158 0.617895 0.012632 0.029474
3 0.240000 0.608947 0.012632 0.028421
3 0.274737 0.584737 0.012632 0.028421
3 0.258947 0.593158 0.012632 0.032632
3 0.189474 0.686842 0.012632 0.030526
3 0.206842 0.681053 0.013684 0.029474
3 0.221053 0.672632 0.014737 0.031579
3 0.242632 0.661579 0.015789 0.034737
4 0.256842 0.652105 0.018947 0.036842
3 0.274211 0.636842 0.013684 0.031579
3 0.298947 0.621579 0.012632 0.028421
3 0.314737 0.610526 0.014737 0.031579
3 0.331579 0.599474 0.014737 0.034737
3 0.306842 0.563684 0.015789 0.032632
3 0.290526 0.571579 0.012632 0.029474
3 0.324211 0.554737 0.016842 0.031579
3 0.364737 0.577368 0.015789 0.034737
3 0.370526 0.522632 0.012632 0.032632
3 0.388421 0.513158 0.016842 0.030526
2 0.416316 0.545789 0.013684 0.030526
3 0.384737 0.573158 0.015789 0.032632
3 0.453684 0.522105 0.014737 0.031579
3 0.487368 0.502632 0.014737 0.030526
3 0.504211 0.495263 0.014737 0.032632
3 0.522105 0.427368 0.012632 0.029474
4 0.573158 0.451579 0.013684 0.037895
3 0.593158 0.441579 0.015789 0.032632
2 0.608421 0.433684 0.012632 0.029474
2 0.674737 0.391579 0.012632 0.031579
3 0.503158 0.438947 0.012632 0.033684
3 0.457895 0.469474 0.014737 0.029474
3 0.407368 0.504737 0.012632 0.028421
3 0.424211 0.488421 0.012632 0.033684
3 0.336842 0.535263 0.014737 0.026316
3 0.353684 0.530000 0.014737 0.034737
3 0.695263 0.553684 0.032632 0.025263
3 0.401053 0.559474 0.014737 0.028421
4 0.828947 0.462105 0.030526 0.027368
3 0.897368 0.409474 0.028421 0.027368
3 0.732105 0.265263 0.030526 0.029474
1 0.763684 0.145263 0.034737 0.027368
5 0.782105 0.114737 0.075789 0.054737
3 0.820000 0.132632 0.029474 0.025263
3 0.797895 0.170526 0.029474 0.023158
3 0.861053 0.136842 0.027368 0.023158
3 0.870526 0.103158 0.033684 0.023158
3 0.835263 0.102105 0.028421 0.021053
3 0.915789 0.077368 0.031579 0.022105
3 0.955789 0.056842 0.031579 0.025263
4 0.626316 0.420526 0.014737 0.041053
3 0.540526 0.472632 0.013684 0.029474
3 0.555263 0.465789 0.013684 0.034737
3 0.323158 0.738947 0.027368 0.021053
3 0.140000 0.862632 0.029474 0.020000
3 0.068947 0.894737 0.038947 0.025263
3 0.027368 0.890526 0.031579 0.023158
2 0.035789 0.768421 0.018947 0.035789
3 0.031053 0.688947 0.032632 0.022105
