3 0.356316 0.253684 0.013684 0.033684
3 0.374737 0.252632 0.014737 0.035789
3 0.391053 0.253684 0.015789 0.035789
3 0.407368 0.253158 0.016842 0.034737
3 0.425263 0.253158 0.014737 0.032632
3 0.443158 0.254211 0.014737 0.034737
3 0.461053 0.255789 0.014737 0.035789
3 0.502105 0.256316 0.014737 0.034737
2 0.300000 0.298947 0.031579 0.016842
2 0.301053 0.319474 0.037895 0.013684
3 0.383684 0.348947 0.032632 0.013684
3 0.386842 0.368947 0.032632 0.017895
3 0.385789 0.445263 0.032632 0.014737
3 0.426316 0.515789 0.033684 0.012632
3 0.427895 0.477895 0.032632 0.014737
3 0.511579 0.480526 0.033684 0.013684
3 0.514211 0.500000 0.036842 0.014737
3 0.557895 0.499474 0.033684 0.013684
3 0.562105 0.531579 0.027368 0.012632
2 0.518421 0.548421 0.034737 0.016842
3 0.566842 0.562105 0.032632 0.014737
3 0.563158 0.614737 0.031579 0.012632
3 0.518947 0.613684 0.033684 0.014737
3 0.518947 0.568421 0.035789 0.014737
3 0.430526 0.547368 0.033684 0.014737
3 0.386842 0.550526 0.036842 0.016842
3 0.427895 0.582105 0.032632 0.016842
3 0.387895 0.581053 0.036842 0.014737
3 0.426842 0.632105 0.036842 0.015789
2 0.521579 0.684211 0.034737 0.016842
3 0.516316 0.637895 0.032632 0.014737
3 0.519474 0.658947 0.034737 0.016842
3 0.386842 0.702632 0.036842 0.015789
2 0.422632 0.733158 0.036842 0.020000
3 0.562105 0.719474 0.033684 0.017895
3 0.651053 0.770526 0.034737 0.016842
2 0.687895 0.781053 0.032632 0.016842
3 0.685263 0.800526 0.029474 0.013684
3 0.650526 0.817895 0.035789 0.016842
3 0.688421 0.835789 0.035789 0.016842
3 0.694211 0.747895 0.028421 0.013684
3 0.785789 0.831579 0.036842 0.016842
3 0.785789 0.854211 0.030526 0.013684
2 0.782105 0.788421 0.042105 0.018947
3 0.780526 0.767895 0.034737 0.015789
3 0.686842 0.701053 0.045263 0.018947
2 0.781053 0.662105 0.033684 0.016842
3 0.828421 0.673684 0.040000 0.018947
3 0.825789 0.655263 0.036842 0.015789
3 0.777895 0.747368 0.035789 0.016842
3 0.823684 0.768421 0.030526 0.014737
3 0.825263 0.786316 0.033684 0.014737
3 0.826316 0.803684 0.031579 0.015789
2 0.776842 0.614211 0.042105 0.020000
3 0.776842 0.633684 0.035789 0.016842
2 0.690000 0.614211 0.034737 0.015789
2 0.693158 0.553684 0.036842 0.016842
1 0.692632 0.514211 0.040000 0.015789
2 0.650000 0.506842 0.034737 0.015789
3 0.688947 0.496316 0.034737 0.015789
3 0.777368 0.493684 0.034737 0.016842
3 0.783158 0.548947 0.037895 0.015789
2 0.780000 0.567895 0.035789 0.015789
3 0.780000 0.591579 0.040000 0.018947
3 0.824737 0.712632 0.034737 0.014737
2 0.775789 0.400526 0.037895 0.015789
2 0.829474 0.410526 0.033684 0.016842
3 0.782105 0.473684 0.033684 0.014737
3 0.827368 0.477368 0.031579 0.015789
3 0.691579 0.478421 0.031579 0.013684
3 0.647895 0.462105 0.032632 0.012632
3 0.690000 0.458421 0.034737 0.013684
3 0.762632 0.904211 0.020000 0.042105
3 0.743684 0.908421 0.017895 0.037895
3 0.718947 0.911053 0.018947 0.036842
3 0.681053 0.916316 0.018947 0.034737
3 0.649474 0.916316 0.016842 0.034737
3 0.595263 0.927368 0.017895 0.031579
3 0.614211 0.927368 0.017895 0.033684
3 0.547895 0.933158 0.020000 0.036842
3 0.512105 0.936842 0.015789 0.035789
3 0.918421 0.806316 0.036842 0.018947
3 0.916842 0.680526 0.035789 0.017895
3 0.972105 0.673158 0.017895 0.036842
3 0.831579 0.565789 0.037895 0.020000
3 0.827368 0.548947 0.035789 0.015789
2 0.912105 0.397895 0.036842 0.016842
3 0.830526 0.375789 0.035789 0.016842
2 0.612105 0.258421 0.020000 0.038947
2 0.593684 0.256842 0.014737 0.033684
3 0.575263 0.255789 0.015789 0.033684
3 0.555789 0.253684 0.016842 0.035789
3 0.538421 0.252632 0.015789 0.033684
2 0.723158 0.272105 0.014737 0.036842
3 0.693684 0.268421 0.018947 0.040000
3 0.166316 0.538947 0.014737 0.033684
3 0.302632 0.552632 0.036842 0.014737
3 0.392105 0.768421 0.045263 0.018947
3 0.074211 0.220526 0.036842 0.017895
3 0.433684 0.186842 0.033684 0.015789
3 0.385789 0.882632 0.034737 0.015789
3 0.082632 0.420000 0.038947 0.016842
