2 0.651053 0.954737 0.022105 0.042105
2 0.601053 0.937368 0.018947 0.034737
3 0.631579 0.759474 0.018947 0.034737
1 0.702105 0.661579 0.029474 0.045263
2 0.890000 0.753684 0.020000 0.042105
3 0.848947 0.948421 0.020000 0.031579
3 0.754211 0.753684 0.026316 0.029474
3 0.686842 0.528947 0.020000 0.045263
3 0.608947 0.553158 0.017895 0.038947
3 0.575263 0.260000 0.015789 0.037895
2 0.674737 0.232105 0.014737 0.036842
3 0.683684 0.143158 0.015789 0.033684
3 0.844737 0.238947 0.017895 0.033684
3 0.740000 0.171579 0.035789 0.016842
3 0.725263 0.077895 0.031579 0.016842
3 0.444211 0.172105 0.035789 0.015789
3 0.440000 0.197368 0.025263 0.015789
3 0.324737 0.197895 0.036842 0.016842
3 0.312632 0.226842 0.033684 0.017895
3 0.244211 0.241053 0.035789 0.016842
3 0.301053 0.287895 0.027368 0.036842
3 0.130526 0.238947 0.035789 0.016842
3 0.048947 0.237368 0.036842 0.024211
3 0.026316 0.187895 0.037895 0.017895
3 0.146842 0.193684 0.034737 0.018947
3 0.190000 0.171053 0.034737 0.017895
2 0.336316 0.052105 0.017895 0.041053
3 0.203684 0.359474 0.017895 0.036842
3 0.101579 0.344211 0.015789 0.033684
3 0.220526 0.449474 0.036842 0.016842
3 0.257368 0.862105 0.015789 0.035789
3 0.072632 0.667895 0.029474 0.024211
3 0.293158 0.622105 0.013684 0.031579
3 0.253684 0.830526 0.029474 0.014737
3 0.238947 0.860526 0.012632 0.036842
3 0.022632 0.875789 0.032632 0.016842
3 0.018421 0.851579 0.032632 0.014737
