2 0.793684 0.946316 0.016842 0.037895
3 0.770526 0.945789 0.014737 0.032632
3 0.749474 0.943684 0.014737 0.032632
3 0.690526 0.944211 0.014737 0.031579
3 0.670000 0.943684 0.013684 0.034737
3 0.631579 0.944211 0.014737 0.035789
3 0.614737 0.943684 0.014737 0.036842
2 0.571053 0.940526 0.015789 0.032632
2 0.876316 0.773684 0.015789 0.031579
3 0.918947 0.813158 0.016842 0.036842
3 0.875789 0.697368 0.014737 0.034737
2 0.948421 0.813684 0.014737 0.031579
2 0.946316 0.775789 0.016842 0.037895
3 0.901053 0.640526 0.014737 0.032632
3 0.875263 0.622632 0.013684 0.034737
3 0.816316 0.555789 0.034737 0.016842
3 0.875263 0.660526 0.015789 0.032632
3 0.920000 0.552105 0.014737 0.032632
3 0.647895 0.606316 0.015789 0.035789
2 0.600526 0.601053 0.015789 0.031579
3 0.946842 0.731579 0.015789 0.035789
3 0.218421 0.953684 0.034737 0.014737
3 0.135263 0.539474 0.015789 0.032632
3 0.093158 0.539474 0.013684 0.032632
4 0.220526 0.545263 0.036842 0.016842
3 0.216842 0.507368 0.033684 0.016842
3 0.021053 0.261579 0.016842 0.034737
2 0.040526 0.261053 0.015789 0.035789
3 0.228947 0.263158 0.015789 0.033684
3 0.208947 0.262632 0.015789 0.034737
3 0.361053 0.151053 0.037895 0.015789
3 0.381053 0.263684 0.016842 0.034737
3 0.400000 0.262632 0.016842 0.036842
3 0.501053 0.149474 0.033684 0.012632
3 0.426316 0.253684 0.014737 0.035789
2 0.450526 0.251053 0.016842 0.034737
3 0.483684 0.255263 0.015789 0.032632
3 0.536842 0.251053 0.016842 0.032632
2 0.623158 0.254211 0.014737 0.032632
3 0.604737 0.253684 0.015789 0.033684
3 0.565263 0.253158 0.016842 0.032632
3 0.713684 0.151579 0.037895 0.016842
3 0.796842 0.150526 0.031579 0.014737
3 0.785789 0.222632 0.034737 0.017895
3 0.947368 0.427368 0.014737 0.035789
3 0.946316 0.385789 0.016842 0.034737
4 0.950526 0.298947 0.016842 0.037895
2 0.951053 0.342105 0.013684 0.031579
3 0.837895 0.455789 0.029474 0.014737
3 0.826842 0.474211 0.028421 0.013684
3 0.977368 0.985263 0.030526 0.016842
3 0.509474 0.945789 0.012632 0.028421
3 0.148421 0.105789 0.016842 0.041053
3 0.223158 0.107368 0.014737 0.033684
3 0.424211 0.112632 0.014737 0.033684
1 0.503158 0.040000 0.042105 0.018947
4 0.424211 0.032632 0.014737 0.031579
2 0.850526 0.058947 0.031579 0.016842
4 0.851579 0.035789 0.031579 0.016842
2 0.849474 0.014737 0.029474 0.016842
