3 0.976316 0.716316 0.013684 0.036842
2 0.954737 0.696316 0.012632 0.036842
3 0.914211 0.660000 0.017895 0.037895
2 0.874211 0.620526 0.015789 0.041053
3 0.852105 0.600526 0.015789 0.041053
2 0.833158 0.578947 0.013684 0.035789
3 0.788421 0.534211 0.014737 0.030526
2 0.768421 0.522632 0.016842 0.034737
2 0.745789 0.503684 0.015789 0.034737
3 0.725789 0.481053 0.013684 0.037895
3 0.706842 0.465263 0.017895 0.035789
3 0.688421 0.442105 0.014737 0.035789
3 0.622632 0.503158 0.032632 0.031579
2 0.665789 0.427368 0.015789 0.035789
2 0.645789 0.406842 0.015789 0.032632
3 0.603158 0.368947 0.018947 0.036842
3 0.581579 0.345789 0.015789 0.036842
3 0.562632 0.326316 0.013684 0.033684
3 0.542105 0.310000 0.014737 0.034737
2 0.519474 0.285789 0.015789 0.034737
3 0.498421 0.267895 0.015789 0.034737
2 0.457895 0.226842 0.014737 0.030526
3 0.437368 0.210526 0.013684 0.033684
4 0.415263 0.190000 0.013684 0.034737
2 0.394211 0.171053 0.015789 0.036842
3 0.374211 0.152632 0.015789 0.035789
1 0.313684 0.104211 0.021053 0.042105
4 0.297368 0.080000 0.013684 0.037895
4 0.261053 0.043684 0.014737 0.036842
3 0.267368 0.368947 0.016842 0.036842
3 0.168421 0.548947 0.018947 0.038947
3 0.105789 0.420526 0.034737 0.020000
3 0.150000 0.577368 0.030526 0.017895
3 0.173684 0.498947 0.016842 0.042105
3 0.072632 0.721579 0.033684 0.017895
6 0.138947 0.760000 0.018947 0.058947
3 0.325263 0.867368 0.035789 0.021053
3 0.028947 0.918947 0.032632 0.018947
2 0.866316 0.915789 0.033684 0.018947
3 0.874737 0.964211 0.018947 0.042105
3 0.615263 0.576316 0.028421 0.030526
3 0.725263 0.672105 0.029474 0.032632
3 0.738421 0.683684 0.032632 0.030526
3 0.979474 0.186316 0.028421 0.031579
3 0.990000 0.198947 0.020000 0.025263
3 0.142105 0.267368 0.033684 0.027368
