2 0.920000 0.922632 0.012632 0.030526
2 0.902632 0.925263 0.013684 0.031579
3 0.814737 0.928947 0.016842 0.030526
3 0.777368 0.926842 0.013684 0.028421
3 0.872632 0.841053 0.014737 0.031579
3 0.908947 0.803684 0.013684 0.034737
3 0.910000 0.837895 0.015789 0.027368
3 0.890000 0.725789 0.013684 0.032632
3 0.911579 0.722632 0.014737 0.028421
3 0.731053 0.723158 0.013684 0.029474
3 0.840000 0.685789 0.014737 0.026316
3 0.874737 0.686842 0.012632 0.028421
3 0.892632 0.686316 0.012632 0.027368
3 0.908947 0.686316 0.013684 0.029474
3 0.857368 0.721053 0.013684 0.027368
3 0.874211 0.723684 0.013684 0.028421
3 0.858947 0.685263 0.012632 0.025263
3 0.913684 0.568947 0.014737 0.030526
3 0.877368 0.573684 0.013684 0.031579
2 0.857368 0.572632 0.015789 0.031579
3 0.837895 0.572632 0.014737 0.031579
3 0.818947 0.570000 0.014737 0.032632
3 0.730000 0.572632 0.013684 0.033684
2 0.728947 0.607368 0.015789 0.031579
3 0.650526 0.571579 0.033684 0.014737
3 0.685789 0.491053 0.015789 0.032632
3 0.780526 0.489474 0.015789 0.029474
3 0.815263 0.485263 0.015789 0.029474
3 0.831053 0.486842 0.015789 0.030526
3 0.870526 0.487895 0.014737 0.028421
2 0.923158 0.487368 0.012632 0.033684
3 0.964211 0.488421 0.012632 0.035789
3 0.945789 0.488421 0.015789 0.033684
3 0.906842 0.490526 0.015789 0.031579
3 0.793158 0.417368 0.034737 0.015789
3 0.986842 0.397895 0.026316 0.016842
1 0.477368 0.417368 0.036842 0.015789
3 0.761053 0.355789 0.033684 0.014737
3 0.807368 0.355789 0.035789 0.014737
3 0.846316 0.356842 0.027368 0.014737
3 0.884211 0.356842 0.033684 0.014737
3 0.923158 0.356316 0.029474 0.013684
3 0.558421 0.354211 0.034737 0.015789
3 0.525263 0.354737 0.029474 0.014737
3 0.483684 0.354737 0.030526 0.014737
3 0.446842 0.354737 0.030526 0.014737
3 0.285263 0.356316 0.031579 0.015789
4 0.214737 0.355263 0.037895 0.015789
3 0.253684 0.353684 0.027368 0.014737
3 0.167895 0.354737 0.030526 0.016842
3 0.128947 0.355263 0.036842 0.013684
3 0.090000 0.352632 0.028421 0.014737
3 0.012105 0.542632 0.022105 0.015789
3 0.518947 0.417895 0.031579 0.016842
3 0.014737 0.354737 0.027368 0.014737
3 0.053684 0.353684 0.033684 0.012632
2 0.197368 0.064737 0.022105 0.015789
2 0.198947 0.083684 0.029474 0.015789
4 0.198947 0.168421 0.033684 0.018947
4 0.197368 0.186842 0.032632 0.015789
1 0.222105 0.025263 0.016842 0.035789
1 0.241579 0.021579 0.015789 0.030526
1 0.257895 0.024211 0.016842 0.037895
4 0.277368 0.025263 0.015789 0.037895
4 0.294737 0.024737 0.014737 0.036842
4 0.331053 0.024211 0.015789 0.037895
4 0.380526 0.024737 0.013684 0.034737
4 0.413684 0.031053 0.016842 0.041053
1 0.454737 0.149474 0.012632 0.037895
1 0.435789 0.148947 0.014737 0.036842
1 0.418421 0.147368 0.013684 0.035789
3 0.349474 0.109474 0.014737 0.031579
3 0.332632 0.108947 0.014737 0.032632
3 0.299474 0.111579 0.013684 0.031579
3 0.281053 0.142632 0.012632 0.032632
1 0.298421 0.145263 0.015789 0.031579
4 0.316316 0.149474 0.013684 0.042105
4 0.333684 0.147895 0.014737 0.041053
4 0.350000 0.146842 0.015789 0.041053
4 0.492105 0.148421 0.015789 0.042105
1 0.629474 0.148947 0.014737 0.038947
1 0.728421 0.187895 0.037895 0.020000
4 0.726316 0.153158 0.037895 0.017895
4 0.726842 0.117368 0.036842 0.017895
4 0.726842 0.083158 0.036842 0.016842
2 0.725789 0.060526 0.034737 0.020000
4 0.634211 0.039474 0.038947 0.015789
3 0.638947 0.062632 0.029474 0.015789
3 0.638421 0.078947 0.030526 0.014737
3 0.637895 0.095789 0.029474 0.012632
1 0.638947 0.112632 0.035789 0.018947
2 0.698947 0.226842 0.014737 0.034737
4 0.664737 0.223158 0.013684 0.033684
4 0.613684 0.228421 0.012632 0.031579
4 0.596316 0.228421 0.013684 0.029474
4 0.578421 0.226842 0.013684 0.030526
4 0.545789 0.223684 0.015789 0.032632
1 0.477368 0.227368 0.013684 0.029474
4 0.444737 0.226842 0.015789 0.030526
4 0.427368 0.225789 0.014737 0.032632
4 0.408421 0.224737 0.014737 0.032632
4 0.391053 0.224737 0.015789 0.034737
3 0.356842 0.229474 0.014737 0.023158
4 0.341053 0.225263 0.014737 0.031579
3 0.323158 0.228421 0.014737 0.025263
3 0.306842 0.228947 0.013684 0.024211
3 0.290000 0.226842 0.013684 0.026316
3 0.272632 0.227895 0.014737 0.026316
3 0.254737 0.228947 0.012632 0.026316
5 0.561053 0.952632 0.021053 0.086316
