6 0.174737 0.954737 0.023158 0.065263
2 0.195789 0.917368 0.018947 0.041053
3 0.191053 0.867368 0.015789 0.033684
3 0.171579 0.860000 0.014737 0.031579
3 0.126316 0.883684 0.016842 0.036842
3 0.256842 0.656842 0.031579 0.014737
6 0.477368 0.622105 0.070526 0.016842
3 0.535263 0.622105 0.032632 0.016842
3 0.381053 0.622105 0.031579 0.012632
3 0.538421 0.724211 0.034737 0.014737
3 0.616316 0.725263 0.030526 0.014737
3 0.650526 0.726316 0.035789 0.014737
3 0.693684 0.725789 0.033684 0.013684
3 0.733684 0.726842 0.033684 0.013684
3 0.803158 0.695263 0.033684 0.013684
3 0.677895 0.664211 0.027368 0.012632
2 0.754737 0.483684 0.029474 0.015789
3 0.752632 0.503684 0.031579 0.013684
3 0.751053 0.521053 0.032632 0.012632
3 0.752632 0.537368 0.031579 0.013684
3 0.720000 0.563158 0.014737 0.031579
2 0.703158 0.563684 0.016842 0.030526
3 0.687368 0.562632 0.014737 0.032632
3 0.671579 0.563684 0.014737 0.032632
3 0.653158 0.559474 0.015789 0.030526
2 0.696316 0.488421 0.026316 0.029474
3 0.696316 0.442105 0.015789 0.033684
3 0.676842 0.437368 0.014737 0.026316
3 0.661579 0.440526 0.015789 0.026316
2 0.644737 0.440526 0.011579 0.028421
3 0.525789 0.473158 0.030526 0.013684
3 0.751053 0.468421 0.030526 0.012632
3 0.941053 0.723158 0.027368 0.012632
3 0.813684 0.835789 0.014737 0.033684
2 0.865789 0.796842 0.015789 0.031579
3 0.866842 0.837895 0.017895 0.031579
3 0.866842 0.873158 0.017895 0.030526
3 0.865789 0.908421 0.015789 0.031579
3 0.866316 0.959474 0.014737 0.028421
4 0.105789 0.535263 0.015789 0.047368
3 0.107895 0.413684 0.013684 0.033684
3 0.311579 0.024737 0.031579 0.015789
3 0.352105 0.023158 0.034737 0.016842
3 0.392632 0.021579 0.031579 0.015789
3 0.424737 0.021579 0.028421 0.013684
3 0.517368 0.022105 0.030526 0.014737
3 0.322105 0.084737 0.033684 0.015789
3 0.358947 0.085789 0.033684 0.013684
3 0.396842 0.087895 0.033684 0.013684
3 0.435263 0.087895 0.030526 0.013684
3 0.470000 0.086842 0.030526 0.015789
3 0.551053 0.086316 0.032632 0.014737
1 0.562105 0.024211 0.050526 0.014737
3 0.590526 0.088947 0.031579 0.013684
3 0.627368 0.087895 0.035789 0.015789
3 0.666316 0.087895 0.029474 0.013684
3 0.602632 0.024211 0.024211 0.012632
3 0.631053 0.027368 0.028421 0.014737
3 0.676316 0.025263 0.032632 0.016842
3 0.712632 0.024737 0.027368 0.013684
3 0.752632 0.025263 0.029474 0.014737
3 0.784211 0.025263 0.029474 0.014737
3 0.709474 0.084737 0.029474 0.013684
3 0.745789 0.088947 0.028421 0.013684
3 0.947368 0.028947 0.033684 0.015789
2 0.984211 0.027368 0.031579 0.014737
