3 0.132632 0.172632 0.014737 0.033684
3 0.139474 0.115789 0.015789 0.033684
2 0.157895 0.173684 0.014737 0.033684
3 0.228421 0.192632 0.031579 0.014737
3 0.313684 0.148947 0.029474 0.013684
3 0.356842 0.147368 0.029474 0.012632
3 0.433158 0.148947 0.026316 0.011579
3 0.511579 0.147895 0.029474 0.013684
3 0.542105 0.148421 0.025263 0.010526
3 0.578421 0.148421 0.026316 0.012632
1 0.654211 0.092632 0.017895 0.044211
3 0.630000 0.095789 0.013684 0.025263
3 0.748947 0.212632 0.032632 0.016842
2 0.756316 0.191579 0.030526 0.016842
3 0.748947 0.169474 0.032632 0.014737
3 0.813158 0.191579 0.034737 0.016842
3 0.802105 0.168421 0.031579 0.014737
3 0.797368 0.147368 0.030526 0.014737
3 0.727368 0.146316 0.029474 0.014737
3 0.833684 0.147368 0.033684 0.014737
3 0.930526 0.145263 0.033684 0.014737
3 0.968947 0.146316 0.028421 0.014737
3 0.718947 0.326842 0.027368 0.022105
3 0.733158 0.350526 0.028421 0.012632
3 0.795263 0.351053 0.028421 0.013684
5 0.656316 0.378421 0.020000 0.072632
2 0.674737 0.463158 0.014737 0.033684
3 0.655789 0.499474 0.016842 0.032632
2 0.675263 0.586842 0.015789 0.034737
2 0.654737 0.652632 0.014737 0.033684
3 0.630000 0.628947 0.013684 0.032632
3 0.674737 0.719474 0.014737 0.030526
3 0.674211 0.823684 0.015789 0.032632
2 0.675263 0.860526 0.015789 0.034737
3 0.139474 0.392632 0.015789 0.033684
3 0.158947 0.413684 0.014737 0.029474
2 0.117368 0.551579 0.013684 0.033684
3 0.161579 0.535263 0.013684 0.032632
3 0.162632 0.569474 0.013684 0.031579
2 0.136842 0.627895 0.014737 0.036842
3 0.140526 0.776842 0.013684 0.033684
3 0.030526 0.324737 0.029474 0.013684
3 0.011579 0.306316 0.021053 0.014737
