3 0.423158 0.701579 0.035789 0.015789
3 0.422105 0.683684 0.035789 0.015789
3 0.423158 0.736316 0.029474 0.013684
3 0.335789 0.750526 0.031579 0.012632
3 0.337368 0.767368 0.030526 0.012632
3 0.342105 0.697895 0.033684 0.016842
2 0.339474 0.680526 0.030526 0.013684
3 0.343684 0.641579 0.032632 0.013684
3 0.344211 0.623684 0.031579 0.015789
3 0.343158 0.605263 0.031579 0.012632
2 0.339474 0.586842 0.030526 0.013684
3 0.342105 0.570526 0.029474 0.012632
3 0.423684 0.505263 0.026316 0.014737
3 0.422105 0.520000 0.029474 0.012632
3 0.422632 0.538421 0.030526 0.013684
3 0.425263 0.558421 0.027368 0.011579
3 0.424737 0.575789 0.030526 0.014737
3 0.423684 0.594737 0.030526 0.012632
3 0.423684 0.611579 0.030526 0.012632
3 0.424211 0.631053 0.031579 0.013684
3 0.424211 0.646842 0.027368 0.013684
3 0.424737 0.664737 0.028421 0.013684
3 0.424211 0.107368 0.031579 0.014737
3 0.424737 0.144211 0.028421 0.014737
3 0.426316 0.182105 0.029474 0.014737
3 0.426842 0.201053 0.028421 0.014737
4 0.421579 0.232632 0.036842 0.014737
3 0.424211 0.254211 0.029474 0.015789
3 0.423158 0.272105 0.025263 0.013684
3 0.422105 0.290526 0.031579 0.014737
3 0.423684 0.308421 0.032632 0.014737
3 0.423158 0.325789 0.031579 0.013684
3 0.424737 0.344737 0.030526 0.011579
3 0.424737 0.360526 0.030526 0.011579
3 0.423158 0.376842 0.029474 0.012632
3 0.424737 0.396842 0.030526 0.014737
3 0.423684 0.414211 0.030526 0.013684
3 0.422632 0.432105 0.032632 0.015789
3 0.422105 0.447895 0.033684 0.013684
3 0.421579 0.466842 0.034737 0.015789
3 0.422632 0.486316 0.032632 0.014737
3 0.344737 0.531053 0.034737 0.013684
3 0.343684 0.550000 0.030526 0.013684
3 0.111579 0.499474 0.035789 0.015789
3 0.173684 0.502105 0.029474 0.014737
3 0.342105 0.434737 0.029474 0.012632
3 0.342105 0.415263 0.029474 0.015789
3 0.551579 0.105263 0.018947 0.033684
2 0.576316 0.275263 0.017895 0.032632
3 0.552105 0.290526 0.013684 0.031579
3 0.595789 0.376316 0.014737 0.030526
3 0.553684 0.470000 0.012632 0.034737
3 0.595263 0.578421 0.015789 0.034737
5 0.576316 0.737368 0.022105 0.083158
3 0.505789 0.680000 0.013684 0.031579
3 0.483684 0.625263 0.015789 0.031579
3 0.504737 0.584211 0.017895 0.029474
3 0.574211 0.884737 0.015789 0.032632
3 0.594211 0.933684 0.017895 0.031579
3 0.675789 0.922632 0.018947 0.030526
3 0.681053 0.965789 0.025263 0.028421
3 0.578947 0.028947 0.016842 0.038947
