3 0.087895 0.698421 0.020000 0.026316
3 0.103684 0.693158 0.017895 0.024211
3 0.117368 0.685263 0.020000 0.025263
3 0.135789 0.681579 0.021053 0.032632
3 0.149474 0.673158 0.012632 0.020000
2 0.162105 0.672632 0.021053 0.033684
3 0.175789 0.666316 0.016842 0.031579
3 0.191053 0.661053 0.020000 0.029474
3 0.206316 0.654737 0.018947 0.029474
3 0.277368 0.630526 0.030526 0.021053
3 0.230526 0.685789 0.027368 0.013684
1 0.298421 0.748421 0.022105 0.031579
3 0.317895 0.780526 0.021053 0.030526
3 0.333158 0.736316 0.020000 0.028421
3 0.348421 0.762105 0.021053 0.029474
3 0.365263 0.791579 0.023158 0.033684
3 0.386316 0.821579 0.023158 0.032632
3 0.579474 0.908947 0.028421 0.020000
6 0.484737 0.613684 0.041053 0.023158
3 0.400526 0.587895 0.026316 0.015789
3 0.308421 0.615789 0.029474 0.014737
4 0.432632 0.577895 0.035789 0.023158
3 0.467368 0.566842 0.027368 0.017895
3 0.508947 0.553684 0.028421 0.018947
3 0.517368 0.604211 0.020000 0.014737
3 0.543684 0.595789 0.026316 0.018947
3 0.572632 0.534737 0.023158 0.016842
3 0.602632 0.524737 0.028421 0.020000
3 0.629474 0.514211 0.025263 0.020000
1 0.661053 0.501579 0.029474 0.024211
3 0.573684 0.586842 0.027368 0.017895
3 0.598421 0.577368 0.022105 0.015789
3 0.630526 0.565263 0.027368 0.021053
3 0.658421 0.553158 0.026316 0.022105
3 0.690526 0.537368 0.025263 0.020000
3 0.721053 0.520526 0.023158 0.020000
3 0.752632 0.501579 0.021053 0.020000
3 0.691053 0.486842 0.024211 0.015789
3 0.717368 0.468947 0.028421 0.022105
3 0.745789 0.450000 0.026316 0.022105
3 0.788421 0.419474 0.021053 0.022105
3 0.778421 0.480000 0.020000 0.016842
3 0.801053 0.464737 0.023158 0.017895
3 0.825789 0.450526 0.017895 0.018947
3 0.854737 0.431053 0.029474 0.024211
3 0.885263 0.409474 0.027368 0.023158
3 0.924737 0.380526 0.026316 0.022105
3 0.953684 0.362632 0.025263 0.024211
3 0.925263 0.561053 0.021053 0.023158
3 0.899474 0.576842 0.024211 0.021053
3 0.873158 0.594211 0.026316 0.022105
3 0.840000 0.612105 0.025263 0.020000
2 0.811053 0.631053 0.026316 0.020000
2 0.833158 0.652105 0.032632 0.024211
3 0.784737 0.642632 0.022105 0.017895
6 0.682105 0.700526 0.071579 0.045263
3 0.692105 0.726316 0.032632 0.021053
2 0.794211 0.790526 0.030526 0.018947
3 0.691053 0.845789 0.026316 0.017895
3 0.951579 0.543684 0.021053 0.017895
3 0.920000 0.327368 0.025263 0.025263
3 0.704737 0.113158 0.032632 0.013684
3 0.745263 0.112632 0.027368 0.012632
2 0.642105 0.114211 0.029474 0.013684
3 0.673158 0.113684 0.028421 0.012632
3 0.613158 0.114211 0.024211 0.011579
3 0.588421 0.114211 0.023158 0.011579
3 0.557368 0.114737 0.028421 0.010526
3 0.580000 0.058421 0.023158 0.011579
3 0.606842 0.057895 0.024211 0.010526
3 0.645789 0.058421 0.026316 0.011579
3 0.780000 0.056842 0.025263 0.012632
3 0.714737 0.058421 0.025263 0.011579
3 0.898947 0.065263 0.027368 0.016842
3 0.506842 0.114211 0.030526 0.011579
3 0.441053 0.114211 0.031579 0.011579
3 0.407368 0.115789 0.027368 0.010526
3 0.387895 0.088947 0.032632 0.013684
3 0.373684 0.114211 0.027368 0.011579
3 0.343684 0.058947 0.024211 0.012632
3 0.372632 0.057895 0.029474 0.012632
3 0.410526 0.058947 0.031579 0.014737
3 0.440526 0.057895 0.026316 0.012632
3 0.343158 0.114737 0.027368 0.010526
3 0.304737 0.115263 0.026316 0.013684
3 0.275263 0.058947 0.026316 0.012632
3 0.308421 0.058421 0.029474 0.011579
3 0.275789 0.117368 0.025263 0.011579
2 0.129474 0.123158 0.033684 0.014737
3 0.241053 0.118947 0.033684 0.012632
3 0.208421 0.118947 0.027368 0.012632
3 0.012105 0.107895 0.022105 0.013684
