3 0.211053 0.967368 0.022105 0.027368
3 0.223684 0.931053 0.022105 0.028421
3 0.233684 0.902105 0.016842 0.025263
3 0.244737 0.873684 0.020000 0.031579
3 0.255263 0.843158 0.017895 0.027368
3 0.264737 0.813158 0.020000 0.024211
2 0.207895 0.833158 0.020000 0.030526
1 0.182105 0.915263 0.023158 0.032632
3 0.170000 0.951579 0.017895 0.025263
3 0.274211 0.781053 0.020000 0.027368
3 0.197368 0.866842 0.017895 0.028421
3 0.288421 0.744737 0.021053 0.036842
3 0.240000 0.743684 0.018947 0.030526
3 0.250000 0.712632 0.015789 0.025263
2 0.262632 0.676316 0.020000 0.032632
3 0.308947 0.688947 0.022105 0.026316
3 0.298947 0.713158 0.018947 0.026316
3 0.158421 0.718947 0.015789 0.031579
3 0.388947 0.662632 0.030526 0.015789
3 0.420526 0.666316 0.022105 0.014737
3 0.416316 0.610526 0.030526 0.014737
3 0.447895 0.613158 0.028421 0.013684
1 0.479474 0.618947 0.030526 0.016842
3 0.511579 0.622105 0.025263 0.014737
3 0.567368 0.627895 0.029474 0.013684
3 0.587895 0.684211 0.028421 0.016842
2 0.627895 0.636316 0.030526 0.013684
3 0.548947 0.680000 0.028421 0.014737
3 0.479474 0.672632 0.028421 0.014737
3 0.710526 0.698947 0.029474 0.014737
3 0.660000 0.638947 0.027368 0.012632
3 0.697368 0.645263 0.030526 0.014737
3 0.744211 0.646842 0.029474 0.015789
3 0.800000 0.654737 0.027368 0.014737
3 0.827895 0.659474 0.026316 0.013684
3 0.837368 0.714211 0.043158 0.017895
3 0.793158 0.707895 0.041053 0.015789
3 0.945263 0.672632 0.035789 0.014737
2 0.365789 0.547368 0.015789 0.027368
3 0.366842 0.514211 0.013684 0.028421
3 0.366316 0.481579 0.012632 0.026316
2 0.280000 0.546316 0.014737 0.027368
3 0.265789 0.542632 0.013684 0.026316
3 0.251053 0.535789 0.015789 0.031579
3 0.234737 0.527368 0.014737 0.031579
3 0.221053 0.520526 0.016842 0.024211
3 0.205263 0.511053 0.012632 0.022105
2 0.188421 0.506316 0.014737 0.029474
3 0.174737 0.503158 0.014737 0.029474
3 0.160526 0.495789 0.015789 0.031579
3 0.130000 0.480526 0.015789 0.030526
3 0.113684 0.472105 0.012632 0.028421
2 0.098947 0.470000 0.014737 0.030526
2 0.083158 0.464737 0.014737 0.030526
3 0.098421 0.546842 0.028421 0.020000
3 0.036316 0.520526 0.032632 0.024211
3 0.180526 0.583158 0.028421 0.021053
3 0.060000 0.976316 0.029474 0.017895
3 0.366316 0.451053 0.014737 0.030526
3 0.365789 0.383158 0.013684 0.029474
2 0.334737 0.333158 0.012632 0.026316
2 0.366316 0.292105 0.014737 0.028421
3 0.365263 0.326316 0.010526 0.027368
3 0.333684 0.232105 0.010526 0.026316
3 0.365263 0.188947 0.012632 0.030526
3 0.333684 0.199474 0.012632 0.030526
3 0.284737 0.140000 0.028421 0.012632
3 0.253684 0.140000 0.027368 0.010526
3 0.217368 0.140526 0.028421 0.011579
3 0.186842 0.141053 0.026316 0.012632
3 0.150000 0.142105 0.026316 0.012632
3 0.117895 0.142632 0.025263 0.011579
3 0.101053 0.112105 0.021053 0.011579
3 0.125263 0.112105 0.023158 0.011579
3 0.153158 0.110000 0.022105 0.011579
3 0.184211 0.111579 0.025263 0.010526
3 0.216842 0.111053 0.029474 0.011579
3 0.247368 0.109474 0.025263 0.010526
3 0.362632 0.108947 0.030526 0.011579
3 0.403158 0.107895 0.029474 0.011579
3 0.440526 0.107895 0.026316 0.011579
2 0.502632 0.107895 0.030526 0.011579
3 0.536316 0.106842 0.030526 0.011579
3 0.459474 0.136316 0.022105 0.011579
3 0.485789 0.137368 0.026316 0.011579
3 0.513684 0.135789 0.025263 0.010526
2 0.571579 0.135789 0.033684 0.012632
3 0.587368 0.105789 0.027368 0.013684
3 0.643158 0.104211 0.031579 0.012632
3 0.679474 0.103684 0.026316 0.011579
3 0.710000 0.103158 0.026316 0.012632
3 0.752632 0.102105 0.031579 0.012632
3 0.639474 0.133158 0.028421 0.011579
3 0.722105 0.133158 0.027368 0.011579
3 0.778947 0.131579 0.025263 0.010526
3 0.812105 0.131579 0.028421 0.012632
2 0.782105 0.102105 0.027368 0.012632
3 0.816842 0.101053 0.029474 0.010526
2 0.884737 0.100526 0.022105 0.011579
3 0.866316 0.130000 0.025263 0.011579
3 0.913158 0.100000 0.028421 0.012632
3 0.955263 0.099474 0.030526 0.011579
3 0.986316 0.098947 0.025263 0.012632
3 0.970000 0.128421 0.024211 0.012632
3 0.941053 0.131053 0.025263 0.011579
3 0.912105 0.132105 0.026316 0.011579
3 0.960000 0.727368 0.031579 0.016842
3 0.903684 0.721053 0.032632 0.014737
3 0.019474 0.113684 0.030526 0.012632
3 0.046842 0.111053 0.024211 0.011579
3 0.085263 0.142632 0.027368 0.013684
