3 0.019474 0.149474 0.015789 0.027368
3 0.018421 0.183158 0.013684 0.027368
2 0.019474 0.219474 0.013684 0.028421
3 0.018947 0.255263 0.014737 0.030526
3 0.022105 0.295263 0.014737 0.028421
3 0.019474 0.337895 0.013684 0.027368
3 0.020526 0.374211 0.013684 0.030526
3 0.020526 0.404211 0.011579 0.025263
2 0.020526 0.444211 0.011579 0.027368
3 0.020526 0.482105 0.013684 0.025263
3 0.020000 0.510526 0.012632 0.023158
2 0.021579 0.539474 0.013684 0.028421
3 0.021579 0.576842 0.015789 0.031579
2 0.022632 0.616842 0.013684 0.029474
3 0.022105 0.648947 0.014737 0.026316
3 0.021053 0.681053 0.014737 0.029474
3 0.024737 0.747368 0.013684 0.027368
3 0.023684 0.782632 0.013684 0.028421
3 0.024211 0.819474 0.014737 0.028421
3 0.022632 0.853158 0.013684 0.024211
3 0.024737 0.881053 0.013684 0.025263
3 0.024737 0.911053 0.011579 0.024211
3 0.023158 0.937368 0.012632 0.024211
3 0.024211 0.974211 0.012632 0.024211
3 0.077368 0.828947 0.015789 0.032632
3 0.076842 0.863684 0.014737 0.030526
3 0.077895 0.900000 0.012632 0.025263
3 0.078421 0.930000 0.013684 0.024211
3 0.116842 0.768947 0.027368 0.017895
3 0.152105 0.754737 0.030526 0.018947
3 0.186316 0.741579 0.029474 0.017895
2 0.217895 0.730000 0.027368 0.020000
2 0.246842 0.719474 0.032632 0.022105
3 0.380000 0.668947 0.031579 0.022105
3 0.306842 0.735263 0.028421 0.026316
3 0.318421 0.767368 0.011579 0.025263
3 0.125263 0.726316 0.027368 0.018947
3 0.153158 0.715789 0.028421 0.018947
3 0.074737 0.537895 0.016842 0.033684
3 0.074211 0.492632 0.015789 0.033684
3 0.074737 0.435263 0.014737 0.028421
3 0.354737 0.753684 0.014737 0.029474
3 0.352632 0.724211 0.016842 0.027368
3 0.358421 0.784737 0.013684 0.026316
2 0.324211 0.860000 0.012632 0.027368
3 0.363684 0.840000 0.013684 0.029474
3 0.371053 0.931053 0.013684 0.026316
3 0.361053 0.812105 0.016842 0.026316
3 0.332632 0.646316 0.027368 0.016842
3 0.362105 0.635263 0.025263 0.017895
2 0.389474 0.624737 0.031579 0.020000
3 0.428421 0.612105 0.025263 0.017895
2 0.456842 0.600526 0.031579 0.017895
3 0.510526 0.578947 0.029474 0.018947
3 0.541053 0.567368 0.025263 0.016842
2 0.580526 0.554211 0.028421 0.017895
3 0.442105 0.645789 0.025263 0.017895
3 0.484737 0.630526 0.022105 0.018947
2 0.602105 0.587368 0.027368 0.018947
2 0.635263 0.575263 0.028421 0.022105
2 0.663158 0.564211 0.027368 0.021053
3 0.572105 0.599474 0.028421 0.020000
2 0.851579 0.591053 0.023158 0.030526
3 0.787368 0.578421 0.021053 0.028421
3 0.815789 0.631053 0.018947 0.028421
3 0.830526 0.657368 0.018947 0.026316
3 0.864737 0.620000 0.017895 0.025263
2 0.882105 0.739474 0.023158 0.028421
3 0.883684 0.681053 0.020000 0.025263
3 0.894737 0.671579 0.018947 0.027368
3 0.887895 0.508421 0.028421 0.014737
3 0.915263 0.502105 0.028421 0.014737
3 0.948947 0.491053 0.032632 0.015789
3 0.928947 0.721053 0.026316 0.029474
3 0.952632 0.748421 0.025263 0.027368
3 0.385263 0.986316 0.018947 0.027368
3 0.337368 0.961579 0.017895 0.030526
3 0.958421 0.844211 0.022105 0.027368
3 0.847895 0.687368 0.020000 0.029474
3 0.917895 0.787895 0.023158 0.028421
3 0.939474 0.818421 0.020000 0.030526
3 0.978947 0.872105 0.021053 0.028421
3 0.648947 0.306316 0.017895 0.031579
3 0.734737 0.325789 0.016842 0.030526
3 0.758421 0.384211 0.020000 0.027368
3 0.748421 0.355263 0.016842 0.024211
3 0.725263 0.292632 0.016842 0.025263
3 0.716316 0.256316 0.022105 0.030526
3 0.631053 0.235789 0.015789 0.031579
3 0.639474 0.268947 0.017895 0.030526
3 0.728421 0.084737 0.029474 0.015789
3 0.791579 0.071579 0.029474 0.012632
3 0.759474 0.079474 0.028421 0.015789
3 0.841053 0.063158 0.031579 0.016842
3 0.876316 0.055789 0.028421 0.014737
3 0.912105 0.050526 0.028421 0.014737
3 0.537368 0.108947 0.028421 0.013684
3 0.504737 0.110000 0.028421 0.013684
2 0.473158 0.112632 0.028421 0.014737
3 0.442105 0.114211 0.031579 0.017895
2 0.408947 0.118947 0.028421 0.014737
3 0.380526 0.122632 0.020000 0.015789
3 0.352105 0.125789 0.022105 0.015789
2 0.122632 0.100000 0.032632 0.012632
3 0.113158 0.151053 0.030526 0.015789
3 0.144211 0.148421 0.029474 0.016842
3 0.177368 0.144211 0.030526 0.014737
3 0.228947 0.139474 0.030526 0.013684
3 0.260526 0.135263 0.026316 0.013684
3 0.291053 0.132632 0.028421 0.014737
3 0.317895 0.080526 0.025263 0.013684
3 0.351579 0.076842 0.031579 0.014737
3 0.392632 0.071579 0.025263 0.012632
3 0.426842 0.068421 0.028421 0.012632
3 0.498947 0.063158 0.031579 0.012632
3 0.323158 0.130000 0.025263 0.013684
3 0.159474 0.098421 0.028421 0.013684
3 0.968947 0.775263 0.024211 0.024211
3 0.660526 0.340000 0.017895 0.029474
3 0.670000 0.370000 0.020000 0.028421
3 0.683684 0.403684 0.022105 0.028421
1 0.021579 0.106842 0.015789 0.036842
1 0.616316 0.181579 0.020000 0.041053
1 0.074211 0.401579 0.015789 0.032632
1 0.076316 0.576316 0.015789 0.036842
3 0.513684 0.621053 0.025263 0.021053
3 0.542105 0.609474 0.029474 0.021053
