3 0.191579 0.098947 0.014737 0.027368
3 0.198421 0.164737 0.015789 0.030526
3 0.235263 0.124211 0.015789 0.031579
3 0.195263 0.128421 0.015789 0.027368
3 0.240000 0.155789 0.014737 0.025263
3 0.244211 0.185263 0.016842 0.029474
3 0.248947 0.214211 0.015789 0.026316
3 0.251579 0.241053 0.016842 0.025263
3 0.208421 0.223158 0.014737 0.031579
3 0.205263 0.193158 0.014737 0.022105
3 0.181579 0.281053 0.026316 0.016842
3 0.465789 0.237895 0.026316 0.014737
3 0.458421 0.280526 0.026316 0.015789
3 0.376842 0.294737 0.027368 0.012632
3 0.266316 0.361053 0.014737 0.027368
3 0.157368 0.326316 0.026316 0.012632
3 0.128421 0.330526 0.025263 0.014737
3 0.231579 0.392632 0.016842 0.031579
3 0.271579 0.395263 0.016842 0.030526
3 0.274211 0.426842 0.015789 0.030526
3 0.487895 0.278421 0.026316 0.017895
3 0.591579 0.259474 0.027368 0.015789
3 0.277895 0.458947 0.016842 0.029474
3 0.239474 0.459474 0.013684 0.026316
3 0.244211 0.491053 0.016842 0.030526
3 0.288421 0.525263 0.016842 0.029474
3 0.300000 0.611579 0.016842 0.031579
3 0.304211 0.644737 0.014737 0.028421
3 0.255789 0.574737 0.014737 0.027368
3 0.309474 0.681053 0.014737 0.027368
3 0.266316 0.658947 0.012632 0.027368
3 0.317368 0.748947 0.015789 0.034737
3 0.320000 0.781579 0.014737 0.024211
3 0.326842 0.846842 0.017895 0.030526
3 0.328421 0.876316 0.016842 0.028421
3 0.291579 0.897895 0.014737 0.027368
3 0.292632 0.929474 0.012632 0.027368
3 0.294737 0.957368 0.012632 0.024211
3 0.333158 0.939474 0.013684 0.028421
3 0.333684 0.970000 0.014737 0.030526
3 0.278947 0.754737 0.012632 0.029474
3 0.274737 0.720526 0.012632 0.026316
3 0.063158 0.342105 0.031579 0.014737
3 0.034211 0.346842 0.026316 0.015789
3 0.803158 0.227368 0.023158 0.016842
3 0.735789 0.236316 0.027368 0.015789
3 0.770526 0.233684 0.027368 0.014737
3 0.962105 0.086316 0.016842 0.029474
3 0.936842 0.305263 0.012632 0.029474
3 0.936316 0.344737 0.011579 0.022105
3 0.952632 0.375789 0.010526 0.029474
3 0.952632 0.412105 0.012632 0.028421
3 0.956316 0.488421 0.017895 0.029474
3 0.952105 0.521579 0.013684 0.028421
3 0.966842 0.706316 0.013684 0.027368
3 0.931053 0.820000 0.011579 0.027368
3 0.931579 0.854211 0.010526 0.024211
3 0.295789 0.267368 0.033684 0.016842
2 0.153684 0.287895 0.027368 0.013684
2 0.097895 0.337368 0.029474 0.015789
2 0.331579 0.907895 0.014737 0.026316
2 0.663158 0.250526 0.027368 0.016842
2 0.696316 0.244737 0.028421 0.015789
2 0.953158 0.334737 0.011579 0.029474
2 0.975789 0.486842 0.012632 0.030526
2 0.969474 0.401579 0.012632 0.030526
2 0.948947 0.707368 0.013684 0.025263
2 0.963684 0.784737 0.015789 0.026316
2 0.932105 0.888421 0.013684 0.029474
2 0.937895 0.372105 0.012632 0.024211
2 0.969474 0.667895 0.012632 0.028421
1 0.522632 0.271579 0.036842 0.021053
3 0.952632 0.295789 0.012632 0.025263
