3 0.086316 0.220526 0.014737 0.026316
3 0.087368 0.256842 0.014737 0.027368
3 0.087895 0.328421 0.013684 0.029474
3 0.089474 0.360526 0.012632 0.026316
3 0.090526 0.394211 0.012632 0.024211
3 0.090526 0.428947 0.012632 0.026316
3 0.042105 0.451053 0.014737 0.024211
3 0.093158 0.497895 0.013684 0.027368
3 0.093158 0.530526 0.013684 0.025263
3 0.065263 0.650000 0.012632 0.030526
3 0.048947 0.673684 0.013684 0.029474
3 0.050000 0.723684 0.013684 0.030526
3 0.066842 0.721579 0.013684 0.032632
3 0.099474 0.773158 0.011579 0.024211
3 0.100000 0.804737 0.012632 0.028421
3 0.068947 0.816842 0.015789 0.033684
3 0.050526 0.757895 0.012632 0.027368
3 0.054737 0.884737 0.014737 0.028421
3 0.073684 0.926842 0.018947 0.032632
3 0.152632 0.968947 0.025263 0.022105
3 0.204737 0.913158 0.026316 0.013684
3 0.196842 0.933158 0.027368 0.013684
3 0.218421 0.948947 0.030526 0.013684
3 0.241053 0.930526 0.025263 0.014737
3 0.293684 0.945789 0.031579 0.013684
3 0.375789 0.926316 0.029474 0.012632
3 0.395789 0.908421 0.031579 0.014737
3 0.488421 0.907895 0.031579 0.013684
3 0.562632 0.907368 0.022105 0.012632
3 0.470526 0.977368 0.025263 0.013684
3 0.647895 0.922105 0.030526 0.016842
3 0.777368 0.918947 0.030526 0.014737
3 0.830000 0.935789 0.028421 0.016842
3 0.785789 0.973684 0.030526 0.014737
3 0.627895 0.975263 0.028421 0.015789
3 0.581053 0.016316 0.014737 0.026316
3 0.550526 0.132632 0.014737 0.029474
3 0.592632 0.171579 0.014737 0.031579
3 0.556842 0.216842 0.014737 0.027368
3 0.596316 0.205263 0.015789 0.027368
3 0.604211 0.308421 0.016842 0.033684
3 0.603684 0.341579 0.013684 0.024211
3 0.605263 0.375263 0.016842 0.030526
3 0.560526 0.250526 0.013684 0.027368
3 0.597895 0.241579 0.016842 0.026316
3 0.606316 0.407895 0.014737 0.028421
3 0.606316 0.436842 0.016842 0.027368
3 0.568421 0.456842 0.014737 0.027368
3 0.607895 0.468421 0.013684 0.027368
3 0.607368 0.500000 0.014737 0.031579
3 0.569474 0.516842 0.012632 0.025263
3 0.612105 0.718421 0.015789 0.026316
3 0.609474 0.563684 0.014737 0.028421
3 0.610000 0.593684 0.013684 0.027368
3 0.609474 0.653684 0.016842 0.031579
2 0.084737 0.110000 0.013684 0.026316
2 0.050000 0.807895 0.013684 0.030526
2 0.090526 0.890000 0.016842 0.028421
2 0.461053 0.925789 0.027368 0.013684
2 0.634211 0.949474 0.028421 0.014737
2 0.673684 0.903158 0.029474 0.014737
