2 0.247368 0.310000 0.027368 0.013684
2 0.211053 0.308421 0.028421 0.014737
2 0.279474 0.269474 0.026316 0.012632
2 0.400000 0.266316 0.029474 0.014737
2 0.494211 0.265263 0.026316 0.012632
2 0.380526 0.306842 0.026316 0.011579
2 0.676842 0.306316 0.025263 0.012632
2 0.197895 0.819474 0.025263 0.013684
2 0.638421 0.816842 0.030526 0.012632
2 0.608421 0.851579 0.027368 0.014737
2 0.525263 0.816316 0.029474 0.013684
2 0.101053 0.822105 0.027368 0.012632
2 0.323684 0.856316 0.026316 0.011579
2 0.200526 0.267895 0.024211 0.011579
3 0.313158 0.307895 0.022105 0.011579
3 0.419474 0.285263 0.028421 0.014737
3 0.528947 0.265263 0.024211 0.012632
3 0.599474 0.304737 0.026316 0.013684
3 0.661579 0.266316 0.028421 0.012632
3 0.076842 0.331053 0.016842 0.032632
3 0.074737 0.421053 0.014737 0.031579
3 0.141053 0.308947 0.023158 0.013684
3 0.176316 0.307368 0.028421 0.012632
3 0.553158 0.306842 0.024211 0.015789
3 0.520526 0.306842 0.028421 0.013684
3 0.060526 0.847895 0.013684 0.022105
3 0.013684 0.812632 0.012632 0.023158
3 0.015789 0.845789 0.012632 0.026316
3 0.022632 0.880526 0.015789 0.028421
3 0.027895 0.921579 0.017895 0.032632
3 0.129474 0.821053 0.029474 0.014737
3 0.124211 0.858421 0.027368 0.013684
3 0.155789 0.857368 0.025263 0.013684
3 0.188947 0.855789 0.026316 0.014737
3 0.226316 0.857895 0.029474 0.014737
3 0.257368 0.856842 0.026316 0.014737
3 0.287895 0.855789 0.028421 0.012632
3 0.385789 0.855789 0.022105 0.012632
3 0.436316 0.855789 0.026316 0.012632
3 0.496842 0.817368 0.023158 0.013684
3 0.356316 0.818421 0.024211 0.011579
3 0.234211 0.819474 0.030526 0.013684
3 0.642105 0.855263 0.025263 0.013684
3 0.742632 0.852105 0.026316 0.015789
3 0.674211 0.817368 0.028421 0.013684
3 0.540526 0.854211 0.028421 0.013684
3 0.572632 0.853684 0.025263 0.014737
3 0.505789 0.853158 0.030526 0.013684
3 0.790526 0.852632 0.029474 0.012632
3 0.785263 0.816316 0.023158 0.011579
3 0.820000 0.815789 0.025263 0.012632
2 0.895789 0.892632 0.018947 0.029474
2 0.825789 0.854737 0.030526 0.014737
2 0.562632 0.817368 0.032632 0.013684
2 0.266842 0.820526 0.028421 0.015789
