2 0.572105 0.090000 0.011579 0.030526
2 0.571579 0.126316 0.012632 0.031579
2 0.570000 0.426316 0.011579 0.029474
2 0.536842 0.575789 0.010526 0.027368
2 0.568421 0.782105 0.012632 0.025263
2 0.568947 0.837895 0.011579 0.025263
2 0.568947 0.870526 0.011579 0.027368
2 0.063684 0.377368 0.015789 0.026316
2 0.235789 0.283158 0.031579 0.012632
2 0.321579 0.373158 0.028421 0.011579
2 0.090000 0.592105 0.015789 0.028421
2 0.097895 0.652632 0.014737 0.029474
2 0.055789 0.735789 0.016842 0.027368
2 0.372105 0.939474 0.026316 0.011579
2 0.010000 0.351053 0.013684 0.028421
3 0.570000 0.057368 0.011579 0.024211
3 0.538421 0.180000 0.011579 0.027368
3 0.571053 0.250526 0.011579 0.031579
3 0.570000 0.391053 0.013684 0.030526
3 0.570000 0.458947 0.013684 0.027368
3 0.570526 0.489474 0.012632 0.025263
3 0.555789 0.257368 0.014737 0.026316
3 0.538421 0.058421 0.011579 0.024211
3 0.086316 0.116842 0.025263 0.021053
3 0.027368 0.502632 0.012632 0.026316
3 0.290000 0.946842 0.022105 0.013684
3 0.345789 0.942632 0.022105 0.011579
3 0.440000 0.937895 0.023158 0.012632
3 0.466316 0.937368 0.025263 0.011579
3 0.507368 0.898947 0.023158 0.012632
3 0.483158 0.899474 0.021053 0.011579
3 0.447368 0.898947 0.025263 0.010526
3 0.567895 0.943684 0.011579 0.026316
3 0.552632 0.938947 0.012632 0.021053
3 0.614211 0.952632 0.011579 0.027368
3 0.491579 0.939474 0.018947 0.011579
3 0.515789 0.940526 0.027368 0.017895
3 0.225263 0.954737 0.025263 0.012632
3 0.241579 0.913684 0.022105 0.012632
3 0.194211 0.957895 0.026316 0.010526
3 0.537368 0.870000 0.011579 0.026316
3 0.535789 0.836842 0.012632 0.025263
3 0.536842 0.778947 0.012632 0.027368
3 0.535789 0.747368 0.012632 0.023158
3 0.537368 0.712632 0.011579 0.027368
3 0.570000 0.544211 0.011579 0.025263
3 0.568947 0.576316 0.011579 0.024211
3 0.568947 0.605789 0.011579 0.024211
3 0.568947 0.636316 0.011579 0.026316
3 0.571053 0.670000 0.011579 0.028421
3 0.570526 0.703158 0.012632 0.027368
3 0.570000 0.753158 0.013684 0.024211
3 0.568421 0.808947 0.012632 0.024211
3 0.124737 0.880526 0.015789 0.030526
3 0.180000 0.919474 0.029474 0.015789
3 0.060000 0.345263 0.016842 0.023158
3 0.569474 0.974737 0.012632 0.027368
3 0.073158 0.878421 0.011579 0.032632
3 0.115789 0.818947 0.014737 0.025263
3 0.112632 0.779474 0.014737 0.028421
3 0.108421 0.745263 0.014737 0.023158
3 0.073158 0.454211 0.013684 0.028421
3 0.104211 0.713684 0.014737 0.025263
3 0.570526 0.282632 0.012632 0.022105
3 0.571579 0.155789 0.012632 0.025263
3 0.570526 0.020526 0.012632 0.028421
3 0.537895 0.018947 0.012632 0.027368
3 0.066842 0.837368 0.013684 0.030526
3 0.063684 0.801053 0.011579 0.025263
3 0.068421 0.414737 0.016842 0.029474
3 0.830000 0.052105 0.017895 0.026316
3 0.839474 0.082632 0.020000 0.026316
3 0.850526 0.112632 0.014737 0.021053
3 0.893158 0.268421 0.017895 0.027368
3 0.923158 0.381053 0.016842 0.027368
3 0.935263 0.482105 0.013684 0.031579
3 0.945789 0.548947 0.015789 0.028421
3 0.747368 0.507368 0.014737 0.025263
3 0.940000 0.805789 0.012632 0.028421
3 0.914211 0.920000 0.013684 0.027368
3 0.910526 0.950526 0.012632 0.023158
3 0.870000 0.172632 0.015789 0.027368
2 0.815263 0.021579 0.022105 0.028421
2 0.858421 0.139474 0.017895 0.028421
2 0.877895 0.201579 0.018947 0.030526
2 0.927895 0.416316 0.015789 0.026316
2 0.950526 0.658421 0.012632 0.030526
3 0.950526 0.608421 0.012632 0.025263
6 0.714211 0.334211 0.022105 0.053684
3 0.415263 0.898421 0.026316 0.011579
1 0.348421 0.903684 0.029474 0.011579
