3 0.318947 0.060000 0.014737 0.027368
3 0.321579 0.191053 0.015789 0.030526
3 0.325789 0.263158 0.015789 0.029474
3 0.325789 0.305789 0.013684 0.028421
3 0.327368 0.362105 0.012632 0.029474
3 0.234737 0.393684 0.012632 0.025263
3 0.095263 0.415263 0.017895 0.032632
3 0.134737 0.360526 0.021053 0.028421
3 0.058421 0.262632 0.020000 0.030526
3 0.050000 0.228947 0.017895 0.024211
3 0.040526 0.196842 0.017895 0.025263
3 0.028421 0.165789 0.016842 0.028421
3 0.014211 0.133684 0.017895 0.025263
3 0.072105 0.110000 0.020000 0.028421
3 0.281053 0.485263 0.012632 0.031579
3 0.278947 0.519474 0.012632 0.026316
3 0.133158 0.702105 0.015789 0.033684
3 0.137368 0.744737 0.015789 0.030526
3 0.151053 0.876842 0.013684 0.027368
3 0.156316 0.917895 0.011579 0.027368
3 0.302105 0.818421 0.014737 0.028421
3 0.293158 0.725789 0.013684 0.026316
3 0.288421 0.687895 0.014737 0.030526
3 0.312632 0.723684 0.014737 0.030526
3 0.332105 0.690526 0.013684 0.025263
3 0.335789 0.720526 0.016842 0.030526
3 0.320526 0.559474 0.013684 0.026316
3 0.323158 0.590526 0.014737 0.027368
3 0.324737 0.623684 0.013684 0.024211
3 0.283684 0.623158 0.015789 0.029474
3 0.280526 0.554737 0.013684 0.027368
3 0.346316 0.831053 0.014737 0.026316
3 0.307895 0.872105 0.015789 0.028421
3 0.354737 0.914737 0.014737 0.027368
3 0.309474 0.903158 0.016842 0.029474
3 0.315789 0.939474 0.014737 0.030526
3 0.360000 0.972105 0.018947 0.030526
3 0.328421 0.882632 0.016842 0.032632
3 0.350000 0.882632 0.015789 0.028421
3 0.324211 0.224211 0.014737 0.031579
3 0.352105 0.495263 0.015789 0.030526
3 0.366842 0.493158 0.015789 0.028421
3 0.382632 0.492105 0.015789 0.026316
3 0.410526 0.447895 0.027368 0.013684
3 0.431579 0.487895 0.014737 0.028421
3 0.455789 0.487368 0.016842 0.033684
3 0.551579 0.488421 0.021053 0.029474
3 0.565789 0.492632 0.022105 0.023158
3 0.632105 0.429474 0.015789 0.031579
3 0.648947 0.429474 0.013684 0.029474
3 0.716842 0.516316 0.025263 0.013684
3 0.716316 0.497368 0.024211 0.011579
3 0.715263 0.467368 0.026316 0.010526
3 0.694737 0.257895 0.012632 0.029474
3 0.694211 0.320000 0.011579 0.027368
3 0.726842 0.324211 0.011579 0.025263
3 0.907895 0.299474 0.022105 0.032632
3 0.745263 0.543684 0.025263 0.017895
3 0.765789 0.551579 0.024211 0.016842
3 0.725789 0.354737 0.011579 0.027368
3 0.262105 0.887895 0.016842 0.028421
3 0.127895 0.626842 0.015789 0.032632
3 0.778947 0.563684 0.027368 0.020000
3 0.796316 0.574211 0.024211 0.022105
3 0.813684 0.582632 0.023158 0.020000
3 0.825263 0.595789 0.023158 0.021053
3 0.730000 0.086316 0.013684 0.027368
3 0.698421 0.084737 0.011579 0.024211
3 0.698947 0.051053 0.010526 0.024211
3 0.729474 0.052632 0.012632 0.027368
3 0.728421 0.173158 0.012632 0.028421
3 0.803684 0.145789 0.028421 0.015789
3 0.318421 0.128421 0.013684 0.027368
2 0.143684 0.786842 0.013684 0.030526
2 0.280000 0.589474 0.014737 0.027368
2 0.327368 0.657895 0.016842 0.025263
2 0.723158 0.531053 0.027368 0.015789
2 0.696316 0.152632 0.011579 0.029474
2 0.617368 0.526316 0.020000 0.025263
2 0.296316 0.764737 0.017895 0.032632
1 0.086842 0.377368 0.020000 0.028421
2 0.693158 0.353684 0.011579 0.027368
2 0.725263 0.283684 0.012632 0.028421
