2 0.257368 0.394737 0.030526 0.014737
2 0.532105 0.376842 0.030526 0.012632
2 0.518947 0.326842 0.029474 0.011579
2 0.322632 0.326316 0.030526 0.012632
2 0.536316 0.398947 0.024211 0.010526
2 0.732632 0.383684 0.029474 0.011579
2 0.118421 0.474737 0.015789 0.025263
2 0.128947 0.551053 0.013684 0.030526
2 0.063684 0.973158 0.028421 0.011579
3 0.033684 0.162632 0.014737 0.024211
3 0.057895 0.173684 0.014737 0.027368
3 0.034211 0.216316 0.017895 0.026316
3 0.061579 0.204737 0.013684 0.024211
3 0.071579 0.242632 0.016842 0.026316
3 0.076316 0.273158 0.013684 0.024211
3 0.132632 0.331579 0.027368 0.012632
3 0.165263 0.397895 0.031579 0.010526
3 0.219474 0.374211 0.024211 0.011579
3 0.284211 0.344211 0.025263 0.014737
3 0.343684 0.396842 0.028421 0.012632
3 0.409474 0.374737 0.029474 0.012632
3 0.118421 0.770526 0.013684 0.025263
3 0.122632 0.731579 0.015789 0.023158
3 0.130000 0.696316 0.013684 0.024211
3 0.131053 0.663158 0.013684 0.025263
3 0.132105 0.631053 0.013684 0.024211
3 0.130000 0.596842 0.013684 0.027368
3 0.123158 0.510526 0.014737 0.027368
3 0.112632 0.441053 0.016842 0.023158
3 0.670526 0.350000 0.029474 0.013684
3 0.957368 0.362632 0.032632 0.011579
3 0.923684 0.404211 0.030526 0.014737
2 0.672632 0.408947 0.029474 0.011579
1 0.885263 0.404211 0.031579 0.014737
