2 0.033158 0.184737 0.013684 0.034737
3 0.032632 0.221579 0.012632 0.032632
4 0.030000 0.258947 0.013684 0.035789
1 0.061579 0.238421 0.017895 0.045263
3 0.071053 0.575789 0.013684 0.029474
2 0.048421 0.591053 0.014737 0.034737
1 0.070000 0.630000 0.015789 0.047368
3 0.045789 0.643158 0.013684 0.035789
3 0.044211 0.700526 0.014737 0.032632
3 0.044737 0.756842 0.015789 0.033684
3 0.066316 0.750000 0.016842 0.036842
3 0.339474 0.859474 0.032632 0.015789
3 0.471579 0.858421 0.029474 0.015789
3 0.519474 0.817368 0.032632 0.017895
3 0.547895 0.859474 0.032632 0.017895
3 0.607368 0.865789 0.031579 0.015789
3 0.676842 0.863158 0.033684 0.016842
3 0.763684 0.875789 0.032632 0.014737
3 0.751579 0.808947 0.029474 0.015789
2 0.793158 0.810000 0.030526 0.015789
3 0.829474 0.810526 0.031579 0.016842
3 0.882632 0.809474 0.032632 0.014737
3 0.916316 0.858947 0.032632 0.014737
2 0.964211 0.810000 0.035789 0.017895
2 0.573684 0.968947 0.014737 0.036842
2 0.543158 0.580000 0.016842 0.035789
3 0.546316 0.503158 0.016842 0.033684
5 0.595789 0.462632 0.018947 0.055789
3 0.571579 0.244211 0.014737 0.033684
3 0.590000 0.224211 0.015789 0.029474
3 0.018947 0.642632 0.012632 0.030526
