2 0.162105 0.116316 0.031579 0.011579
1 0.549474 0.144737 0.031579 0.011579
2 0.153158 0.153684 0.030526 0.010526
2 0.115263 0.154211 0.026316 0.011579
2 0.077368 0.889474 0.028421 0.012632
2 0.035789 0.923684 0.029474 0.013684
3 0.051053 0.115789 0.026316 0.012632
3 0.246842 0.150526 0.030526 0.012632
3 0.280000 0.112105 0.023158 0.011579
3 0.347895 0.150000 0.026316 0.011579
3 0.377895 0.149474 0.025263 0.012632
3 0.280526 0.150000 0.028421 0.011579
3 0.307368 0.110000 0.023158 0.013684
3 0.435263 0.109474 0.032632 0.014737
3 0.508947 0.146316 0.030526 0.012632
3 0.467368 0.107895 0.027368 0.011579
3 0.577895 0.105263 0.025263 0.012632
3 0.640000 0.103684 0.025263 0.011579
3 0.674737 0.101579 0.025263 0.011579
3 0.734737 0.096842 0.027368 0.012632
3 0.760000 0.140000 0.029474 0.012632
3 0.857895 0.075789 0.027368 0.014737
3 0.195263 0.113684 0.024211 0.012632
3 0.373158 0.110526 0.028421 0.012632
3 0.311579 0.150000 0.027368 0.013684
3 0.207368 0.688421 0.012632 0.025263
3 0.198947 0.886316 0.025263 0.012632
3 0.186316 0.986842 0.029474 0.015789
3 0.613684 0.896842 0.025263 0.012632
3 0.658421 0.977368 0.026316 0.011579
3 0.463684 0.912632 0.026316 0.014737
3 0.622632 0.978947 0.026316 0.012632
3 0.691579 0.976316 0.029474 0.013684
3 0.810526 0.875789 0.031579 0.012632
3 0.141053 0.886316 0.029474 0.012632
3 0.106842 0.888947 0.026316 0.013684
3 0.175789 0.689474 0.012632 0.025263
2 0.376316 0.323158 0.030526 0.016842
1 0.133158 0.624211 0.011579 0.029474
3 0.846842 0.138421 0.030526 0.015789
3 0.981579 0.107895 0.020000 0.030526
3 0.891053 0.068947 0.022105 0.013684
3 0.918421 0.063158 0.020000 0.016842
3 0.952105 0.075789 0.020000 0.016842
3 0.881053 0.195789 0.014737 0.025263
3 0.880526 0.226842 0.011579 0.022105
3 0.880526 0.254211 0.011579 0.024211
3 0.880526 0.284211 0.011579 0.025263
3 0.915789 0.280000 0.010526 0.025263
3 0.913684 0.248421 0.010526 0.025263
3 0.883684 0.365789 0.011579 0.028421
3 0.917895 0.343684 0.010526 0.026316
3 0.917895 0.380526 0.012632 0.026316
3 0.917895 0.416842 0.014737 0.025263
3 0.882105 0.430000 0.012632 0.024211
3 0.918421 0.452632 0.013684 0.027368
3 0.920000 0.483684 0.010526 0.026316
3 0.887895 0.547895 0.013684 0.026316
3 0.919474 0.556316 0.013684 0.026316
3 0.921053 0.524737 0.012632 0.026316
3 0.882105 0.455789 0.012632 0.027368
3 0.926316 0.661053 0.012632 0.023158
3 0.916842 0.307368 0.014737 0.025263
3 0.380526 0.881579 0.024211 0.015789
3 0.408421 0.882105 0.025263 0.014737
3 0.479474 0.881053 0.028421 0.012632
3 0.512105 0.879474 0.030526 0.015789
3 0.548947 0.878421 0.022105 0.013684
3 0.693158 0.874737 0.026316 0.014737
3 0.726842 0.874737 0.026316 0.014737
3 0.768947 0.872105 0.028421 0.015789
