3 0.298421 0.045789 0.013684 0.024211
3 0.288947 0.079474 0.013684 0.024211
3 0.337895 0.016842 0.014737 0.025263
3 0.306316 0.013684 0.016842 0.023158
3 0.331053 0.046316 0.013684 0.027368
3 0.316316 0.112632 0.015789 0.027368
3 0.280000 0.122105 0.012632 0.025263
3 0.273684 0.148421 0.012632 0.025263
3 0.294737 0.212632 0.016842 0.027368
3 0.301053 0.179474 0.014737 0.026316
3 0.247895 0.290000 0.011579 0.026316
3 0.240000 0.334211 0.010526 0.024211
3 0.235789 0.363684 0.010526 0.022105
3 0.193684 0.718421 0.012632 0.032632
3 0.195789 0.682632 0.010526 0.026316
3 0.198421 0.648947 0.011579 0.026316
3 0.208421 0.554737 0.012632 0.027368
3 0.214737 0.511579 0.012632 0.027368
3 0.227368 0.421053 0.012632 0.025263
3 0.231579 0.391579 0.012632 0.025263
3 0.333158 0.370526 0.024211 0.012632
3 0.362105 0.375263 0.023158 0.011579
3 0.430526 0.351053 0.027368 0.013684
3 0.338421 0.335263 0.024211 0.011579
3 0.640000 0.340000 0.012632 0.021053
3 0.591053 0.373684 0.030526 0.014737
3 0.827895 0.286316 0.024211 0.012632
3 0.885263 0.297895 0.025263 0.014737
3 0.650000 0.285263 0.013684 0.027368
3 0.031053 0.853158 0.024211 0.011579
3 0.067368 0.855263 0.029474 0.011579
3 0.333684 0.940000 0.025263 0.010526
3 0.191053 0.954737 0.026316 0.012632
3 0.541579 0.922105 0.024211 0.012632
3 0.708947 0.897368 0.022105 0.009474
3 0.756316 0.896316 0.024211 0.011579
3 0.795263 0.895263 0.026316 0.011579
3 0.436316 0.965789 0.026316 0.011579
3 0.470000 0.965263 0.026316 0.010526
3 0.519474 0.965263 0.026316 0.010526
3 0.442105 0.896842 0.025263 0.012632
3 0.341053 0.893158 0.027368 0.011579
3 0.376842 0.895789 0.029474 0.012632
3 0.410526 0.895263 0.025263 0.013684
3 0.620000 0.966316 0.023158 0.012632
3 0.655263 0.965789 0.024211 0.011579
3 0.706842 0.966842 0.026316 0.011579
3 0.745263 0.965789 0.029474 0.011579
3 0.820526 0.964737 0.022105 0.011579
3 0.840000 0.895789 0.029474 0.012632
3 0.854737 0.962632 0.025263 0.011579
3 0.792105 0.919474 0.030526 0.011579
3 0.928947 0.917895 0.026316 0.012632
3 0.615263 0.898947 0.022105 0.010526
3 0.481053 0.897895 0.029474 0.012632
3 0.574737 0.898421 0.027368 0.011579
3 0.645263 0.898421 0.027368 0.011579
3 0.668947 0.920526 0.022105 0.013684
3 0.967368 0.892105 0.027368 0.013684
2 0.323684 0.079474 0.013684 0.024211
2 0.261579 0.216842 0.013684 0.027368
2 0.254737 0.252632 0.014737 0.029474
2 0.288947 0.246842 0.011579 0.026316
2 0.283158 0.276842 0.014737 0.027368
2 0.681053 0.395789 0.016842 0.031579
2 0.713684 0.268947 0.027368 0.017895
2 0.554737 0.369474 0.027368 0.016842
2 0.915263 0.303684 0.028421 0.015789
2 0.310000 0.893158 0.028421 0.013684
2 0.296316 0.960000 0.026316 0.012632
2 0.468947 0.918947 0.026316 0.012632
2 0.216842 0.622632 0.012632 0.028421
3 0.133158 0.856842 0.028421 0.016842
3 0.916842 0.336316 0.029474 0.015789
3 0.308421 0.146842 0.016842 0.028421
