1 0.068947 0.766842 0.020000 0.032632
1 0.724737 0.472632 0.036842 0.016842
1 0.054211 0.495789 0.011579 0.029474
3 0.048947 0.377895 0.011579 0.029474
3 0.063684 0.377368 0.011579 0.026316
3 0.078421 0.378947 0.009474 0.025263
3 0.092632 0.380526 0.010526 0.026316
3 0.135789 0.381053 0.010526 0.023158
3 0.148421 0.380526 0.010526 0.022105
3 0.130526 0.442632 0.027368 0.011579
3 0.101053 0.441579 0.025263 0.013684
3 0.163684 0.444737 0.024211 0.011579
3 0.209474 0.385263 0.012632 0.021053
3 0.236316 0.390000 0.013684 0.028421
3 0.266842 0.390000 0.011579 0.024211
3 0.302632 0.392105 0.011579 0.024211
3 0.303684 0.450526 0.024211 0.012632
3 0.335263 0.452632 0.026316 0.012632
3 0.370000 0.456316 0.024211 0.011579
3 0.410000 0.457368 0.026316 0.011579
3 0.444737 0.458947 0.026316 0.012632
3 0.400526 0.397895 0.011579 0.023158
3 0.460526 0.400000 0.011579 0.027368
3 0.491053 0.400000 0.011579 0.023158
3 0.031053 0.630000 0.015789 0.024211
3 0.071579 0.621579 0.018947 0.030526
3 0.061579 0.735263 0.017895 0.028421
3 0.105263 0.743158 0.018947 0.027368
3 0.088947 0.686316 0.013684 0.027368
3 0.095789 0.855263 0.016842 0.028421
3 0.131579 0.838947 0.016842 0.029474
3 0.110526 0.912632 0.016842 0.027368
3 0.102105 0.883684 0.014737 0.024211
3 0.078421 0.798947 0.017895 0.029474
3 0.284737 0.392105 0.011579 0.028421
3 0.519474 0.402105 0.009474 0.023158
3 0.533158 0.406316 0.009474 0.021053
3 0.565789 0.405263 0.013684 0.027368
3 0.357368 0.397368 0.011579 0.026316
3 0.620526 0.468421 0.026316 0.012632
3 0.683158 0.472105 0.031579 0.013684
3 0.763158 0.476842 0.027368 0.012632
3 0.774211 0.420000 0.011579 0.023158
3 0.686842 0.411579 0.011579 0.025263
3 0.656842 0.408947 0.010526 0.026316
3 0.639474 0.408947 0.009474 0.022105
3 0.864211 0.419474 0.014737 0.026316
3 0.801579 0.418947 0.013684 0.027368
3 0.910526 0.423158 0.010526 0.025263
3 0.837368 0.478947 0.024211 0.012632
3 0.894737 0.562632 0.012632 0.026316
3 0.893158 0.603158 0.011579 0.025263
3 0.895263 0.785263 0.011579 0.029474
3 0.892632 0.649474 0.010526 0.027368
3 0.925789 0.642632 0.011579 0.024211
3 0.925263 0.610526 0.010526 0.023158
3 0.927368 0.550526 0.012632 0.029474
3 0.927368 0.753684 0.012632 0.025263
3 0.925789 0.722632 0.011579 0.024211
3 0.927368 0.785789 0.012632 0.030526
3 0.896842 0.844211 0.012632 0.029474
3 0.930000 0.866842 0.011579 0.028421
3 0.897368 0.874737 0.011579 0.023158
3 0.899474 0.908947 0.011579 0.026316
3 0.901579 0.954211 0.011579 0.026316
3 0.935789 0.971579 0.012632 0.029474
3 0.933158 0.934737 0.011579 0.027368
3 0.927895 0.834211 0.011579 0.026316
3 0.925789 0.675263 0.011579 0.028421
3 0.956842 0.258421 0.012632 0.032632
3 0.931579 0.124211 0.016842 0.031579
3 0.978421 0.110000 0.022105 0.030526
3 0.963158 0.078421 0.016842 0.024211
3 0.170000 0.971579 0.017895 0.031579
3 0.161579 0.940000 0.017895 0.025263
3 0.122632 0.807895 0.017895 0.028421
3 0.115789 0.777895 0.014737 0.025263
3 0.078947 0.654211 0.016842 0.028421
2 0.022632 0.598947 0.015789 0.031579
2 0.042105 0.662632 0.014737 0.030526
2 0.196842 0.445789 0.025263 0.013684
2 0.532632 0.463158 0.029474 0.014737
2 0.107368 0.379474 0.012632 0.028421
2 0.849474 0.419474 0.012632 0.030526
2 0.894737 0.684211 0.012632 0.027368
2 0.931579 0.900000 0.012632 0.025263
2 0.506316 0.401579 0.010526 0.026316
2 0.672105 0.410526 0.011579 0.027368
3 0.342632 0.811053 0.013684 0.026316
