3 0.074211 0.192105 0.013684 0.030526
3 0.074211 0.143158 0.011579 0.029474
3 0.036842 0.250526 0.012632 0.029474
3 0.037368 0.355263 0.011579 0.026316
3 0.504737 0.273158 0.015789 0.032632
3 0.541579 0.515789 0.030526 0.018947
3 0.207895 0.623684 0.011579 0.024211
3 0.207895 0.695263 0.013684 0.022105
3 0.190526 0.549474 0.012632 0.025263
3 0.040000 0.480000 0.012632 0.025263
3 0.601053 0.268947 0.012632 0.030526
3 0.606316 0.828421 0.029474 0.014737
3 0.624737 0.792105 0.030526 0.011579
3 0.638421 0.828947 0.026316 0.013684
3 0.285789 0.904211 0.026316 0.012632
3 0.284737 0.947895 0.028421 0.013684
3 0.034211 0.865263 0.011579 0.027368
3 0.537895 0.564211 0.012632 0.027368
3 0.473684 0.566316 0.012632 0.027368
3 0.474211 0.268947 0.011579 0.020000
3 0.491579 0.362105 0.014737 0.029474
3 0.309474 0.495263 0.012632 0.030526
3 0.530526 0.402105 0.031579 0.012632
3 0.455263 0.432632 0.026316 0.010526
3 0.208421 0.661579 0.012632 0.030526
3 0.096842 0.625789 0.012632 0.028421
3 0.691579 0.794737 0.033684 0.012632
3 0.915263 0.794211 0.026316 0.011579
3 0.852632 0.796316 0.029474 0.011579
3 0.942632 0.827895 0.024211 0.011579
2 0.036316 0.214737 0.013684 0.031579
2 0.035263 0.180000 0.011579 0.029474
2 0.037895 0.321579 0.012632 0.030526
2 0.043158 0.569474 0.012632 0.029474
2 0.080526 0.455263 0.013684 0.032632
2 0.206842 0.587368 0.015789 0.029474
2 0.492105 0.476842 0.013684 0.025263
2 0.366842 0.478421 0.030526 0.011579
2 0.306316 0.449474 0.012632 0.031579
2 0.382632 0.368421 0.028421 0.012632
2 0.412632 0.275789 0.014737 0.031579
2 0.321579 0.447895 0.015789 0.032632
2 0.042632 0.534211 0.013684 0.028421
2 0.425263 0.561579 0.014737 0.032632
2 0.476842 0.474737 0.012632 0.025263
2 0.507895 0.361053 0.013684 0.031579
2 0.621579 0.267368 0.011579 0.029474
2 0.205789 0.886842 0.013684 0.030526
1 0.773684 0.829474 0.033684 0.014737
2 0.708947 0.829474 0.028421 0.010526
2 0.816316 0.795263 0.028421 0.011579
2 0.967895 0.792632 0.028421 0.012632
2 0.844737 0.830526 0.030526 0.012632
3 0.529474 0.433684 0.029474 0.012632
3 0.366316 0.457895 0.029474 0.014737
3 0.523684 0.561579 0.013684 0.026316
3 0.724737 0.795263 0.026316 0.013684
3 0.811579 0.829474 0.027368 0.012632
3 0.675263 0.828421 0.026316 0.012632
3 0.739474 0.832105 0.028421 0.011579
3 0.782632 0.796842 0.032632 0.014737
3 0.458421 0.564211 0.013684 0.029474
3 0.510000 0.474737 0.013684 0.025263
3 0.370000 0.507895 0.032632 0.011579
3 0.206316 0.953684 0.012632 0.029474
