3 0.275263 0.167895 0.013684 0.034737
3 0.329474 0.242632 0.014737 0.036842
3 0.277895 0.397895 0.012632 0.031579
3 0.279474 0.538947 0.013684 0.031579
3 0.278947 0.644737 0.014737 0.034737
3 0.161053 0.779474 0.025263 0.024211
3 0.280526 0.826316 0.013684 0.031579
3 0.334211 0.735263 0.013684 0.030526
2 0.273684 0.018421 0.012632 0.030526
3 0.276842 0.082632 0.012632 0.028421
3 0.273684 0.051053 0.012632 0.026316
3 0.329474 0.165789 0.012632 0.026316
3 0.333158 0.551579 0.011579 0.025263
3 0.333158 0.600000 0.013684 0.025263
3 0.333684 0.668421 0.012632 0.023158
3 0.280526 0.721579 0.011579 0.024211
3 0.279474 0.688947 0.011579 0.028421
3 0.334737 0.702105 0.010526 0.023158
3 0.276316 0.262105 0.011579 0.029474
3 0.275789 0.302105 0.010526 0.029474
3 0.328421 0.325263 0.012632 0.033684
3 0.331579 0.450000 0.012632 0.030526
3 0.331579 0.483684 0.014737 0.030526
3 0.331579 0.521053 0.012632 0.025263
3 0.334737 0.777895 0.014737 0.031579
3 0.454737 0.826842 0.027368 0.013684
3 0.490000 0.829474 0.024211 0.012632
3 0.279474 0.598421 0.011579 0.024211
3 0.278947 0.568421 0.010526 0.023158
3 0.330526 0.634737 0.012632 0.027368
3 0.557895 0.833684 0.025263 0.014737
3 0.659474 0.793684 0.017895 0.033684
3 0.827895 0.828947 0.024211 0.011579
3 0.844737 0.873158 0.028421 0.015789
3 0.742632 0.854737 0.026316 0.012632
3 0.976316 0.112632 0.034737 0.025263
3 0.326842 0.132105 0.015789 0.024211
3 0.327368 0.100526 0.012632 0.024211
3 0.057368 0.760526 0.034737 0.013684
3 0.279474 0.887368 0.011579 0.025263
3 0.283158 0.951053 0.010526 0.026316
3 0.282632 0.982105 0.011579 0.025263
2 0.282105 0.917895 0.014737 0.031579
2 0.523158 0.832632 0.029474 0.014737
2 0.591579 0.837368 0.029474 0.015789
2 0.576842 0.889474 0.023158 0.023158
2 0.330526 0.416316 0.012632 0.028421
2 0.328421 0.201579 0.012632 0.026316
2 0.298421 0.197368 0.013684 0.032632
2 0.879474 0.879474 0.028421 0.017895
3 0.965789 0.902632 0.026316 0.017895
3 0.277895 0.437368 0.012632 0.026316
