2 0.189474 0.158947 0.033684 0.016842
2 0.835789 0.061579 0.014737 0.030526
2 0.904737 0.345263 0.013684 0.031579
2 0.900526 0.270000 0.013684 0.028421
2 0.903158 0.302105 0.014737 0.029474
2 0.917368 0.531053 0.013684 0.030526
2 0.926316 0.671053 0.012632 0.026316
2 0.875263 0.754737 0.011579 0.031579
2 0.874737 0.789474 0.010526 0.025263
2 0.927895 0.931053 0.013684 0.030526
2 0.927368 0.832632 0.012632 0.027368
2 0.043158 0.820000 0.029474 0.012632
2 0.032632 0.111579 0.016842 0.027368
2 0.876316 0.858947 0.011579 0.029474
2 0.874211 0.891053 0.011579 0.028421
2 0.876842 0.960526 0.012632 0.030526
2 0.833684 0.029474 0.012632 0.025263
2 0.272632 0.418947 0.016842 0.027368
3 0.075263 0.271579 0.017895 0.033684
3 0.085789 0.307368 0.017895 0.029474
3 0.221579 0.238421 0.020000 0.030526
3 0.115789 0.423158 0.016842 0.029474
3 0.134737 0.494737 0.016842 0.027368
3 0.146316 0.531053 0.018947 0.030526
3 0.173684 0.628947 0.016842 0.030526
3 0.326316 0.619474 0.018947 0.032632
3 0.316842 0.584211 0.016842 0.029474
3 0.280526 0.448421 0.017895 0.029474
3 0.183158 0.667368 0.018947 0.035789
3 0.192632 0.703158 0.016842 0.031579
3 0.082632 0.825263 0.030526 0.014737
3 0.413684 0.940526 0.018947 0.028421
3 0.422632 0.977895 0.017895 0.031579
3 0.836316 0.093158 0.013684 0.026316
3 0.837368 0.129474 0.011579 0.029474
3 0.840000 0.173684 0.012632 0.027368
3 0.896316 0.204737 0.011579 0.026316
3 0.897368 0.236316 0.013684 0.028421
3 0.849474 0.331053 0.014737 0.028421
3 0.852632 0.365263 0.014737 0.031579
3 0.855263 0.405263 0.015789 0.033684
3 0.907895 0.389474 0.013684 0.029474
3 0.910526 0.421579 0.014737 0.028421
3 0.856316 0.440000 0.013684 0.025263
3 0.858947 0.469474 0.012632 0.027368
3 0.890526 0.467895 0.023158 0.028421
3 0.860526 0.501053 0.013684 0.031579
3 0.919474 0.568947 0.013684 0.030526
3 0.921579 0.606316 0.017895 0.033684
3 0.923684 0.642632 0.015789 0.026316
3 0.926316 0.702105 0.014737 0.027368
3 0.927895 0.732632 0.013684 0.027368
3 0.928947 0.762105 0.015789 0.029474
3 0.875789 0.821053 0.014737 0.029474
3 0.876316 0.924211 0.015789 0.027368
3 0.927895 0.964737 0.013684 0.026316
3 0.297368 0.514211 0.015789 0.026316
1 0.893684 0.160526 0.016842 0.034737
1 0.843158 0.205263 0.014737 0.031579
1 0.926842 0.872105 0.013684 0.041053
1 0.185789 0.841053 0.034737 0.021053
1 0.135789 0.600526 0.018947 0.036842
6 0.867368 0.556316 0.018947 0.049474
