2 0.086316 0.192105 0.012632 0.026316
2 0.084737 0.161053 0.011579 0.025263
2 0.165789 0.294737 0.013684 0.027368
2 0.221053 0.403158 0.025263 0.016842
2 0.424211 0.327895 0.031579 0.015789
2 0.641579 0.016316 0.015789 0.030526
2 0.684211 0.064211 0.016842 0.029474
2 0.081053 0.921053 0.010526 0.027368
2 0.224211 0.818947 0.014737 0.033684
2 0.917895 0.920000 0.016842 0.031579
2 0.968421 0.975789 0.016842 0.031579
2 0.927895 0.225789 0.022105 0.026316
2 0.233158 0.205789 0.013684 0.028421
2 0.498421 0.330000 0.028421 0.013684
2 0.383684 0.367368 0.028421 0.012632
3 0.230526 0.132105 0.012632 0.026316
3 0.084211 0.116316 0.012632 0.028421
3 0.164211 0.249474 0.012632 0.031579
3 0.178421 0.366316 0.022105 0.031579
3 0.197368 0.505789 0.013684 0.028421
3 0.215789 0.508947 0.014737 0.032632
3 0.336842 0.366316 0.033684 0.014737
3 0.336316 0.344737 0.028421 0.015789
3 0.376842 0.346316 0.035789 0.014737
3 0.336316 0.326316 0.028421 0.012632
3 0.381579 0.324737 0.034737 0.013684
3 0.233158 0.163158 0.013684 0.025263
3 0.430000 0.366842 0.030526 0.013684
3 0.473158 0.371053 0.030526 0.013684
3 0.709474 0.344737 0.029474 0.015789
3 0.839474 0.313684 0.030526 0.025263
3 0.805263 0.310000 0.027368 0.020000
3 0.691579 0.021579 0.016842 0.026316
3 0.626316 0.083158 0.018947 0.031579
3 0.619474 0.114211 0.015789 0.026316
3 0.614211 0.146316 0.013684 0.029474
3 0.607368 0.176316 0.016842 0.026316
3 0.676842 0.096316 0.016842 0.028421
3 0.975263 0.225789 0.024211 0.026316
3 0.094211 0.530526 0.013684 0.033684
3 0.091579 0.634737 0.014737 0.031579
3 0.236316 0.580526 0.015789 0.034737
3 0.199474 0.540000 0.011579 0.027368
3 0.238421 0.534737 0.013684 0.025263
3 0.313158 0.627895 0.013684 0.028421
3 0.396316 0.630000 0.013684 0.028421
3 0.423684 0.629474 0.013684 0.031579
3 0.440526 0.629474 0.013684 0.027368
3 0.456842 0.630000 0.012632 0.034737
2 0.543158 0.634211 0.012632 0.030526
3 0.511053 0.479474 0.011579 0.032632
3 0.482105 0.536842 0.012632 0.025263
3 0.412632 0.480000 0.014737 0.029474
3 0.394211 0.480526 0.015789 0.032632
3 0.562632 0.541053 0.013684 0.031579
3 0.465789 0.566842 0.013684 0.028421
3 0.447368 0.565789 0.012632 0.030526
3 0.465263 0.537368 0.014737 0.026316
3 0.514737 0.535263 0.014737 0.030526
3 0.545789 0.538421 0.013684 0.028421
3 0.562105 0.572105 0.012632 0.026316
3 0.578947 0.570526 0.012632 0.029474
3 0.595263 0.540526 0.013684 0.026316
3 0.595789 0.570000 0.012632 0.030526
3 0.697895 0.481053 0.012632 0.025263
3 0.084211 0.845263 0.014737 0.031579
3 0.209474 0.721579 0.012632 0.026316
2 0.226316 0.772632 0.014737 0.031579
3 0.217368 0.924737 0.013684 0.032632
3 0.221053 0.861579 0.012632 0.026316
3 0.836842 0.793158 0.033684 0.020000
3 0.887368 0.755789 0.027368 0.016842
3 0.933684 0.765789 0.029474 0.017895
3 0.964737 0.773158 0.026316 0.017895
3 0.957368 0.888421 0.017895 0.027368
3 0.926316 0.953684 0.016842 0.027368
3 0.803158 0.782632 0.027368 0.017895
2 0.658947 0.190526 0.014737 0.027368
2 0.675263 0.545263 0.013684 0.033684
2 0.297895 0.570526 0.037895 0.023158
2 0.235789 0.614737 0.014737 0.029474
2 0.393158 0.404737 0.030526 0.013684
2 0.909474 0.880526 0.018947 0.034737
3 0.713158 0.403684 0.024211 0.013684
3 0.193158 0.669474 0.013684 0.027368
3 0.232632 0.701579 0.014737 0.028421
3 0.086316 0.806842 0.012632 0.030526
3 0.464737 0.328421 0.030526 0.016842
