3 0.270526 0.042105 0.012632 0.029474
3 0.308421 0.049474 0.012632 0.023158
3 0.306316 0.136316 0.012632 0.028421
3 0.265263 0.164737 0.012632 0.026316
3 0.303684 0.202105 0.013684 0.025263
3 0.263158 0.238421 0.012632 0.024211
3 0.298421 0.313684 0.011579 0.023158
3 0.298421 0.343158 0.011579 0.023158
3 0.256842 0.427368 0.012632 0.027368
3 0.261053 0.305263 0.012632 0.025263
3 0.292105 0.556842 0.013684 0.025263
3 0.454737 0.500526 0.033684 0.013684
3 0.394211 0.452632 0.032632 0.014737
3 0.351053 0.446842 0.028421 0.011579
3 0.354737 0.471579 0.027368 0.012632
3 0.348421 0.490526 0.029474 0.014737
3 0.382632 0.494737 0.028421 0.014737
3 0.417368 0.497368 0.028421 0.015789
3 0.428947 0.452632 0.030526 0.014737
3 0.500526 0.457895 0.032632 0.012632
3 0.487368 0.502105 0.025263 0.012632
3 0.518947 0.505789 0.025263 0.013684
3 0.534737 0.461053 0.029474 0.014737
3 0.621579 0.513158 0.028421 0.013684
3 0.621053 0.468421 0.025263 0.012632
3 0.654211 0.470000 0.028421 0.013684
3 0.700000 0.474211 0.025263 0.011579
3 0.737895 0.477895 0.031579 0.012632
3 0.770000 0.482105 0.026316 0.012632
3 0.850526 0.487368 0.029474 0.012632
3 0.884737 0.488421 0.026316 0.012632
3 0.920526 0.494737 0.030526 0.012632
3 0.848947 0.532105 0.026316 0.013684
3 0.887895 0.537368 0.030526 0.015789
3 0.956316 0.543684 0.032632 0.013684
3 0.293684 0.628947 0.014737 0.028421
3 0.257895 0.672105 0.012632 0.022105
3 0.260000 0.703684 0.014737 0.024211
3 0.261053 0.739474 0.014737 0.030526
3 0.298947 0.758947 0.014737 0.025263
3 0.300526 0.827368 0.011579 0.023158
3 0.304211 0.914211 0.014737 0.030526
3 0.276316 0.976316 0.013684 0.026316
3 0.183158 0.908421 0.031579 0.014737
3 0.222632 0.918947 0.028421 0.016842
3 0.105263 0.932632 0.029474 0.018947
3 0.147895 0.916842 0.032632 0.016842
1 0.266316 0.204737 0.014737 0.034737
2 0.308947 0.018421 0.013684 0.030526
2 0.301053 0.243158 0.012632 0.031579
2 0.300000 0.278421 0.012632 0.030526
2 0.297368 0.375263 0.013684 0.026316
2 0.295263 0.407368 0.013684 0.027368
2 0.256316 0.567368 0.011579 0.031579
2 0.296316 0.701053 0.011579 0.027368
2 0.298421 0.794211 0.013684 0.028421
2 0.298947 0.862105 0.014737 0.029474
2 0.313158 0.970000 0.017895 0.032632
2 0.293158 0.588947 0.013684 0.028421
2 0.798421 0.014211 0.028421 0.017895
3 0.104737 0.206316 0.013684 0.035789
