3 0.091579 0.104737 0.025263 0.011579
3 0.286842 0.106316 0.028421 0.012632
3 0.277895 0.031579 0.027368 0.012632
3 0.426316 0.032632 0.027368 0.014737
3 0.361579 0.103684 0.028421 0.013684
3 0.462632 0.104737 0.032632 0.013684
3 0.665263 0.103684 0.031579 0.013684
3 0.585263 0.140000 0.029474 0.012632
3 0.806316 0.103158 0.029474 0.012632
3 0.771579 0.138421 0.025263 0.013684
3 0.876316 0.031579 0.028421 0.012632
3 0.087895 0.318421 0.015789 0.024211
3 0.055789 0.217895 0.012632 0.025263
3 0.052632 0.245263 0.012632 0.027368
3 0.053158 0.316316 0.015789 0.026316
3 0.055789 0.348421 0.014737 0.029474
3 0.054737 0.384737 0.014737 0.030526
3 0.052632 0.620000 0.012632 0.027368
3 0.085789 0.620526 0.013684 0.026316
3 0.086842 0.752632 0.013684 0.031579
3 0.051579 0.740000 0.014737 0.025263
3 0.054211 0.522632 0.011579 0.026316
3 0.052632 0.554737 0.012632 0.025263
3 0.087895 0.354737 0.013684 0.029474
3 0.085263 0.875263 0.012632 0.030526
3 0.051579 0.877895 0.012632 0.029474
3 0.086842 0.810526 0.013684 0.023158
3 0.052105 0.807368 0.013684 0.027368
3 0.052105 0.768947 0.011579 0.028421
3 0.080000 0.968947 0.025263 0.013684
3 0.016842 0.927895 0.027368 0.013684
3 0.318947 0.966316 0.029474 0.014737
3 0.351053 0.967895 0.026316 0.013684
3 0.168947 0.926842 0.026316 0.013684
3 0.199474 0.926316 0.024211 0.014737
3 0.241053 0.925789 0.023158 0.011579
3 0.274737 0.925789 0.025263 0.013684
3 0.358947 0.926316 0.027368 0.012632
3 0.476316 0.925789 0.026316 0.013684
3 0.590000 0.967368 0.030526 0.014737
3 0.581053 0.926316 0.025263 0.014737
3 0.543158 0.927368 0.029474 0.012632
3 0.647368 0.926316 0.027368 0.014737
3 0.781053 0.967895 0.025263 0.013684
3 0.833684 0.926316 0.025263 0.012632
3 0.885789 0.967368 0.032632 0.014737
3 0.644737 0.968421 0.030526 0.014737
3 0.681579 0.966842 0.030526 0.013684
3 0.149474 0.968947 0.029474 0.013684
3 0.112632 0.967368 0.025263 0.014737
3 0.915789 0.031053 0.031579 0.013684
3 0.948947 0.032105 0.030526 0.015789
3 0.617368 0.137368 0.030526 0.015789
3 0.894211 0.138947 0.028421 0.014737
3 0.812105 0.142632 0.032632 0.013684
3 0.933684 0.140000 0.029474 0.014737
3 0.089474 0.250000 0.014737 0.026316
2 0.053158 0.706842 0.015789 0.030526
2 0.086842 0.470526 0.011579 0.025263
2 0.086842 0.435263 0.013684 0.030526
2 0.052632 0.843158 0.014737 0.027368
2 0.134737 0.926316 0.027368 0.012632
2 0.865789 0.926842 0.032632 0.015789
2 0.087368 0.211053 0.014737 0.030526
2 0.226316 0.170526 0.033684 0.016842
