2 0.055789 0.337368 0.014737 0.032632
2 0.022105 0.512632 0.014737 0.033684
2 0.058947 0.815789 0.029474 0.014737
2 0.582105 0.815789 0.031579 0.012632
2 0.190000 0.775789 0.028421 0.012632
2 0.841053 0.383684 0.014737 0.032632
2 0.842632 0.284211 0.013684 0.029474
2 0.807895 0.267895 0.013684 0.028421
2 0.843158 0.065263 0.012632 0.029474
2 0.057895 0.130000 0.014737 0.030526
2 0.022105 0.262105 0.012632 0.027368
3 0.023158 0.308947 0.012632 0.028421
2 0.667368 0.775263 0.027368 0.013684
2 0.292632 0.774737 0.027368 0.014737
2 0.839474 0.911053 0.013684 0.030526
2 0.984211 0.820526 0.027368 0.013684
2 0.840000 0.945789 0.012632 0.028421
2 0.020526 0.702105 0.013684 0.027368
2 0.059474 0.373158 0.015789 0.032632
2 0.806842 0.323684 0.013684 0.032632
1 0.022632 0.148421 0.013684 0.031579
1 0.241579 0.816842 0.032632 0.014737
1 0.894211 0.818947 0.045263 0.016842
3 0.023158 0.107368 0.014737 0.029474
3 0.431053 0.183684 0.032632 0.011579
3 0.021579 0.342632 0.013684 0.028421
3 0.056842 0.457895 0.012632 0.029474
3 0.022105 0.378947 0.012632 0.029474
3 0.054737 0.556842 0.014737 0.029474
3 0.055789 0.596316 0.014737 0.030526
3 0.055263 0.664211 0.013684 0.029474
3 0.022105 0.634211 0.012632 0.030526
3 0.021053 0.732632 0.014737 0.027368
3 0.095263 0.816842 0.026316 0.014737
3 0.135789 0.816316 0.031579 0.015789
3 0.260000 0.774737 0.025263 0.014737
3 0.224211 0.776842 0.031579 0.014737
3 0.206316 0.816842 0.029474 0.014737
3 0.280526 0.817895 0.024211 0.012632
3 0.308947 0.817368 0.022105 0.013684
3 0.415263 0.815789 0.028421 0.014737
3 0.519474 0.775789 0.028421 0.012632
3 0.056842 0.165789 0.012632 0.026316
3 0.594211 0.776316 0.034737 0.015789
3 0.527895 0.816842 0.028421 0.012632
3 0.492632 0.816316 0.033684 0.011579
3 0.683684 0.816842 0.030526 0.012632
3 0.753684 0.815789 0.029474 0.012632
3 0.708947 0.778947 0.032632 0.012632
3 0.805263 0.871053 0.012632 0.028421
3 0.805789 0.903158 0.011579 0.023158
3 0.804211 0.937895 0.012632 0.031579
3 0.841579 0.876316 0.013684 0.030526
3 0.808421 0.133158 0.014737 0.030526
3 0.843158 0.133684 0.012632 0.027368
3 0.841579 0.163158 0.013684 0.029474
3 0.842632 0.193684 0.015789 0.027368
3 0.807895 0.362105 0.011579 0.027368
3 0.841053 0.454211 0.012632 0.026316
3 0.808947 0.463158 0.013684 0.027368
3 0.841053 0.560526 0.012632 0.030526
3 0.805789 0.695263 0.011579 0.024211
3 0.806316 0.585789 0.014737 0.022105
3 0.806842 0.619474 0.013684 0.024211
3 0.806316 0.654737 0.014737 0.025263
3 0.841053 0.604211 0.012632 0.025263
3 0.841053 0.639474 0.014737 0.028421
3 0.842105 0.678421 0.012632 0.028421
3 0.972105 0.776316 0.024211 0.013684
3 0.376842 0.773158 0.025263 0.013684
2 0.529474 0.225789 0.027368 0.011579
2 0.941053 0.775263 0.031579 0.015789
2 0.938947 0.820000 0.031579 0.014737
2 0.721053 0.816316 0.027368 0.013684
2 0.476316 0.776842 0.034737 0.016842
