3 0.926842 0.090000 0.015789 0.030526
3 0.927895 0.127368 0.015789 0.033684
3 0.930000 0.251579 0.013684 0.031579
3 0.873158 0.198421 0.013684 0.030526
2 0.888947 0.042105 0.015789 0.033684
3 0.932105 0.285789 0.015789 0.030526
3 0.896316 0.473684 0.015789 0.035789
3 0.837895 0.500526 0.014737 0.034737
3 0.840000 0.538947 0.014737 0.037895
3 0.935263 0.520526 0.017895 0.034737
3 0.930526 0.450000 0.014737 0.030526
3 0.838421 0.433158 0.013684 0.034737
3 0.840000 0.588947 0.014737 0.030526
3 0.838947 0.630000 0.014737 0.034737
3 0.841053 0.671579 0.014737 0.033684
3 0.841053 0.705263 0.014737 0.031579
3 0.842105 0.741053 0.014737 0.035789
3 0.860000 0.882105 0.040000 0.016842
3 0.892632 0.922632 0.033684 0.017895
3 0.780526 0.900526 0.032632 0.015789
3 0.694737 0.886316 0.035789 0.014737
3 0.634211 0.921053 0.032632 0.016842
3 0.581579 0.956316 0.036842 0.015789
3 0.561579 0.860526 0.034737 0.015789
1 0.130000 0.856316 0.041053 0.017895
3 0.335789 0.704211 0.014737 0.033684
3 0.291579 0.655263 0.016842 0.038947
3 0.338421 0.647895 0.015789 0.036842
3 0.298421 0.359474 0.013684 0.032632
1 0.300526 0.190526 0.013684 0.037895
3 0.300526 0.141579 0.013684 0.034737
3 0.347368 0.095263 0.012632 0.032632
2 0.348947 0.051053 0.013684 0.028421
