2 0.274211 0.061053 0.028421 0.012632
2 0.312105 0.044211 0.028421 0.012632
2 0.059474 0.164211 0.028421 0.014737
2 0.323684 0.156316 0.030526 0.011579
2 0.899474 0.137895 0.028421 0.012632
2 0.775263 0.141579 0.030526 0.013684
2 0.630000 0.147368 0.032632 0.014737
2 0.986316 0.014737 0.027368 0.016842
2 0.507368 0.850526 0.014737 0.029474
2 0.498421 0.951579 0.013684 0.027368
2 0.398421 0.995263 0.024211 0.009474
2 0.741053 0.736842 0.033684 0.014737
2 0.780000 0.880526 0.025263 0.030526
2 0.681579 0.455789 0.030526 0.023158
2 0.512632 0.785263 0.014737 0.031579
2 0.538421 0.328421 0.013684 0.031579
2 0.420526 0.442105 0.030526 0.023158
2 0.018947 0.165789 0.033684 0.015789
2 0.275263 0.043684 0.026316 0.013684
3 0.422105 0.038947 0.031579 0.012632
3 0.459474 0.036842 0.026316 0.014737
3 0.556842 0.060000 0.029474 0.025263
3 0.721579 0.031053 0.036842 0.013684
3 0.492105 0.036316 0.030526 0.013684
3 0.775789 0.026316 0.025263 0.012632
3 0.875789 0.022105 0.027368 0.012632
3 0.914211 0.020526 0.028421 0.011579
3 0.951053 0.016842 0.028421 0.012632
3 0.151579 0.161053 0.027368 0.012632
3 0.188947 0.160526 0.028421 0.013684
3 0.268947 0.157368 0.032632 0.013684
3 0.264211 0.121579 0.029474 0.013684
3 0.193684 0.141053 0.029474 0.012632
3 0.457895 0.114211 0.029474 0.013684
3 0.380000 0.154737 0.025263 0.012632
3 0.417368 0.152632 0.024211 0.014737
3 0.725263 0.143684 0.031579 0.013684
3 0.812105 0.140526 0.030526 0.013684
3 0.851579 0.139474 0.027368 0.015789
3 0.537895 0.360000 0.014737 0.025263
3 0.473684 0.423684 0.025263 0.015789
3 0.363158 0.458947 0.031579 0.016842
3 0.286316 0.478421 0.029474 0.017895
3 0.253158 0.485263 0.028421 0.014737
3 0.215789 0.490526 0.029474 0.014737
3 0.148421 0.488421 0.027368 0.014737
3 0.113684 0.485789 0.027368 0.015789
3 0.047368 0.482105 0.025263 0.012632
3 0.520526 0.691053 0.013684 0.028421
3 0.517368 0.719474 0.013684 0.026316
3 0.516316 0.750526 0.015789 0.025263
3 0.510000 0.816842 0.015789 0.025263
3 0.505263 0.885789 0.014737 0.030526
3 0.502632 0.918421 0.013684 0.026316
3 0.351579 0.987895 0.031579 0.015789
3 0.281053 0.977895 0.031579 0.018947
3 0.244737 0.974211 0.030526 0.015789
3 0.558421 0.648947 0.024211 0.013684
3 0.590526 0.647368 0.029474 0.010526
3 0.626316 0.645263 0.025263 0.014737
3 0.614737 0.615263 0.029474 0.013684
3 0.532105 0.557368 0.015789 0.032632
3 0.534737 0.522632 0.014737 0.028421
3 0.537895 0.489474 0.012632 0.025263
3 0.539474 0.425263 0.015789 0.027368
3 0.538947 0.455789 0.016842 0.029474
3 0.648947 0.612105 0.024211 0.013684
3 0.683158 0.609474 0.025263 0.014737
3 0.717895 0.607895 0.035789 0.015789
3 0.753684 0.604211 0.027368 0.014737
3 0.794211 0.601579 0.024211 0.013684
3 0.881579 0.598421 0.026316 0.015789
3 0.915789 0.596316 0.031579 0.013684
3 0.955789 0.594211 0.025263 0.013684
3 0.852105 0.597895 0.026316 0.012632
3 0.846316 0.632632 0.027368 0.014737
3 0.747895 0.639474 0.026316 0.011579
3 0.687895 0.643158 0.034737 0.012632
3 0.656316 0.645263 0.020000 0.014737
3 0.717368 0.691579 0.030526 0.012632
3 0.751053 0.688421 0.030526 0.012632
3 0.815263 0.692632 0.020000 0.029474
3 0.828947 0.677895 0.022105 0.029474
3 0.839474 0.706316 0.024211 0.029474
3 0.859474 0.703684 0.020000 0.026316
3 0.862105 0.675263 0.023158 0.030526
3 0.892105 0.697895 0.015789 0.027368
3 0.929474 0.698947 0.021053 0.027368
3 0.933684 0.671579 0.021053 0.029474
3 0.917368 0.671579 0.020000 0.027368
3 0.907368 0.630526 0.029474 0.014737
3 0.533684 0.279474 0.016842 0.032632
3 0.534737 0.240526 0.014737 0.028421
3 0.720000 0.723158 0.029474 0.014737
1 0.957895 0.693158 0.018947 0.038947
1 0.665789 0.144211 0.032632 0.014737
6 0.578947 0.615789 0.042105 0.016842
2 0.824211 0.601053 0.027368 0.012632
2 0.794737 0.746316 0.035789 0.014737
