3 0.083684 0.123158 0.032632 0.012632
3 0.085263 0.138421 0.033684 0.011579
2 0.086842 0.171053 0.034737 0.013684
3 0.090000 0.188421 0.028421 0.012632
3 0.159474 0.123684 0.013684 0.030526
3 0.164737 0.206842 0.015789 0.028421
3 0.183158 0.202632 0.012632 0.030526
2 0.218421 0.199474 0.015789 0.032632
3 0.199474 0.198947 0.015789 0.031579
3 0.100526 0.263684 0.034737 0.013684
3 0.176316 0.257368 0.032632 0.011579
3 0.103684 0.278947 0.030526 0.012632
2 0.178421 0.275263 0.032632 0.011579
3 0.101579 0.297895 0.032632 0.012632
3 0.181053 0.291579 0.029474 0.010526
3 0.180526 0.310000 0.034737 0.013684
2 0.095789 0.340000 0.035789 0.021053
2 0.181579 0.325789 0.032632 0.013684
3 0.184211 0.343684 0.029474 0.013684
3 0.182632 0.361579 0.030526 0.013684
3 0.180000 0.383684 0.035789 0.020000
3 0.176842 0.401053 0.033684 0.016842
3 0.170526 0.416842 0.035789 0.018947
2 0.165263 0.433158 0.031579 0.017895
2 0.160000 0.448421 0.031579 0.016842
3 0.155789 0.465263 0.031579 0.018947
3 0.151579 0.483684 0.031579 0.020000
3 0.090000 0.356842 0.030526 0.018947
3 0.083158 0.371053 0.027368 0.015789
3 0.077895 0.387895 0.027368 0.015789
3 0.075263 0.403684 0.030526 0.015789
3 0.366842 0.177368 0.017895 0.032632
3 0.561579 0.288947 0.030526 0.015789
3 0.554211 0.267895 0.030526 0.020000
3 0.551053 0.253158 0.028421 0.015789
3 0.552105 0.232632 0.032632 0.016842
2 0.545789 0.199474 0.032632 0.020000
2 0.545263 0.216842 0.027368 0.014737
3 0.615263 0.132105 0.026316 0.011579
3 0.649474 0.133684 0.031579 0.012632
2 0.685789 0.133158 0.032632 0.013684
3 0.722632 0.134211 0.026316 0.011579
1 0.732632 0.058421 0.042105 0.015789
1 0.671053 0.280526 0.038947 0.015789
3 0.634737 0.285263 0.031579 0.012632
3 0.633684 0.270000 0.025263 0.013684
1 0.627895 0.254737 0.034737 0.018947
3 0.622632 0.237895 0.032632 0.018947
1 0.620526 0.220526 0.036842 0.020000
3 0.616842 0.187895 0.031579 0.013684
3 0.621053 0.201579 0.031579 0.013684
3 0.710000 0.178421 0.028421 0.022105
2 0.693684 0.223684 0.031579 0.020000
3 0.687368 0.237895 0.029474 0.012632
3 0.680526 0.255263 0.032632 0.017895
3 0.750526 0.277368 0.023158 0.015789
2 0.762632 0.246842 0.030526 0.015789
3 0.765789 0.229474 0.030526 0.014737
3 0.767895 0.215789 0.032632 0.018947
3 0.780526 0.202632 0.030526 0.017895
3 0.784737 0.185789 0.030526 0.017895
3 0.804211 0.152632 0.029474 0.012632
3 0.808421 0.137895 0.027368 0.014737
3 0.814737 0.120000 0.029474 0.012632
1 0.792105 0.061579 0.034737 0.013684
2 0.826842 0.061579 0.028421 0.013684
1 0.835263 0.209474 0.017895 0.046316
2 0.614211 0.171579 0.030526 0.012632
3 0.527368 0.121579 0.025263 0.013684
2 0.535263 0.104211 0.043158 0.014737
3 0.532105 0.140000 0.034737 0.014737
2 0.517895 0.051579 0.027368 0.012632
3 0.551579 0.052632 0.033684 0.012632
2 0.586842 0.053158 0.024211 0.011579
3 0.614737 0.056316 0.029474 0.011579
2 0.646316 0.055789 0.029474 0.012632
2 0.686842 0.055789 0.036842 0.012632
1 0.450526 0.038947 0.037895 0.025263
2 0.725789 0.414737 0.032632 0.014737
2 0.675789 0.415263 0.031579 0.013684
3 0.631053 0.392632 0.034737 0.012632
3 0.583158 0.395263 0.033684 0.013684
3 0.592632 0.419474 0.035789 0.013684
3 0.633684 0.418947 0.033684 0.014737
3 0.959474 0.385789 0.015789 0.028421
3 0.908421 0.517895 0.016842 0.031579
3 0.907895 0.558421 0.015789 0.028421
3 0.909474 0.625263 0.014737 0.027368
2 0.966316 0.665263 0.016842 0.035789
3 0.909474 0.665263 0.014737 0.027368
3 0.910526 0.707368 0.012632 0.025263
2 0.912632 0.743684 0.012632 0.030526
3 0.914737 0.851579 0.016842 0.025263
3 0.916316 0.885789 0.013684 0.026316
3 0.916842 0.923684 0.014737 0.030526
3 0.449474 0.950000 0.014737 0.034737
3 0.485789 0.647368 0.015789 0.031579
2 0.344737 0.580000 0.020000 0.029474
2 0.289474 0.815789 0.023158 0.027368
1 0.171053 0.928947 0.032632 0.028421
3 0.126842 0.923158 0.022105 0.027368
3 0.961053 0.182105 0.016842 0.031579
