2 0.364211 0.461053 0.033684 0.018947
3 0.228947 0.466316 0.034737 0.016842
3 0.324737 0.533158 0.030526 0.015789
3 0.422632 0.580000 0.026316 0.014737
6 0.780526 0.576842 0.118947 0.029474
3 0.662632 0.590000 0.030526 0.017895
3 0.606842 0.542105 0.034737 0.014737
3 0.685789 0.524211 0.026316 0.012632
3 0.658947 0.444211 0.031579 0.014737
3 0.815789 0.433158 0.029474 0.015789
3 0.911053 0.566842 0.026316 0.015789
3 0.517368 0.415263 0.022105 0.011579
3 0.104737 0.563684 0.026316 0.011579
3 0.035789 0.548421 0.031579 0.014737
6 0.045789 0.595263 0.089474 0.030526
2 0.978421 0.471053 0.034737 0.020000
