6 0.356842 0.038421 0.126316 0.020000
6 0.472632 0.011579 0.113684 0.021053
1 0.567368 0.130000 0.037895 0.020000
1 0.492632 0.064211 0.037895 0.014737
3 0.572632 0.040000 0.029474 0.014737
1 0.774211 0.158421 0.051579 0.015789
3 0.756842 0.109474 0.025263 0.012632
3 0.800000 0.061053 0.027368 0.014737
3 0.488421 0.107895 0.027368 0.013684
3 0.368421 0.131579 0.025263 0.012632
3 0.225263 0.111053 0.031579 0.013684
2 0.935263 0.132632 0.030526 0.014737
3 0.125789 0.132105 0.028421 0.013684
3 0.091053 0.148947 0.028421 0.013684
3 0.033684 0.867368 0.016842 0.031579
3 0.005789 0.862632 0.009474 0.030526
3 0.140526 0.873684 0.011579 0.029474
3 0.156842 0.874211 0.014737 0.034737
6 0.262632 0.906842 0.022105 0.070526
6 0.281579 0.905263 0.017895 0.077895
6 0.336842 0.910000 0.018947 0.076842
6 0.365263 0.913684 0.021053 0.077895
6 0.390000 0.916842 0.020000 0.080000
6 0.468421 0.920000 0.021053 0.075789
6 0.522632 0.923684 0.017895 0.051579
6 0.544737 0.930000 0.022105 0.083158
6 0.591053 0.926316 0.020000 0.065263
6 0.615789 0.928947 0.018947 0.060000
6 0.641053 0.937895 0.021053 0.058947
6 0.663158 0.944211 0.016842 0.061053
6 0.684737 0.943158 0.017895 0.054737
3 0.234737 0.881579 0.012632 0.028421
3 0.043158 0.522105 0.014737 0.027368
