3 0.116842 0.118947 0.027368 0.014737
3 0.277368 0.117895 0.026316 0.012632
3 0.629474 0.116316 0.031579 0.015789
3 0.274737 0.254737 0.027368 0.029474
3 0.361053 0.200526 0.025263 0.024211
3 0.555789 0.332105 0.014737 0.028421
2 0.571053 0.442632 0.015789 0.032632
3 0.653684 0.331053 0.012632 0.026316
3 0.733684 0.530000 0.014737 0.034737
2 0.764211 0.616842 0.012632 0.027368
2 0.739474 0.706316 0.013684 0.027368
3 0.534211 0.604737 0.013684 0.030526
1 0.433684 0.618421 0.021053 0.032632
3 0.401053 0.657895 0.018947 0.033684
3 0.322105 0.625263 0.031579 0.014737
2 0.228421 0.582105 0.033684 0.014737
3 0.328421 0.549474 0.027368 0.012632
3 0.333684 0.505789 0.027368 0.011579
3 0.336316 0.457368 0.028421 0.013684
3 0.336316 0.430000 0.034737 0.015789
2 0.243158 0.444737 0.027368 0.013684
3 0.278421 0.383158 0.024211 0.012632
3 0.344211 0.348947 0.027368 0.013684
3 0.342105 0.366316 0.025263 0.010526
3 0.342105 0.382105 0.025263 0.010526
3 0.338421 0.397895 0.028421 0.014737
3 0.340526 0.415263 0.026316 0.011579
3 0.332632 0.474211 0.027368 0.013684
3 0.327895 0.535789 0.030526 0.012632
3 0.265263 0.716842 0.025263 0.027368
3 0.167895 0.717895 0.022105 0.025263
3 0.184211 0.725263 0.018947 0.029474
3 0.278947 0.798947 0.029474 0.016842
3 0.534737 0.831579 0.014737 0.031579
2 0.627368 0.798421 0.014737 0.030526
3 0.727895 0.770526 0.015789 0.025263
3 0.771579 0.742632 0.014737 0.032632
2 0.703684 0.830000 0.013684 0.032632
3 0.730526 0.427368 0.014737 0.027368
3 0.730526 0.342105 0.014737 0.029474
3 0.862632 0.100526 0.032632 0.013684
3 0.793158 0.009474 0.030526 0.012632
3 0.173684 0.486842 0.029474 0.013684
2 0.181579 0.441053 0.026316 0.014737
2 0.179474 0.422632 0.026316 0.011579
3 0.180526 0.392632 0.028421 0.014737
3 0.182105 0.376316 0.027368 0.013684
3 0.147368 0.436316 0.027368 0.013684
3 0.142632 0.497895 0.028421 0.012632
3 0.265263 0.492632 0.031579 0.016842
3 0.148947 0.405789 0.026316 0.013684
3 0.101579 0.312632 0.015789 0.027368
2 0.116842 0.313158 0.014737 0.028421
2 0.145789 0.317368 0.013684 0.028421
2 0.190000 0.315789 0.011579 0.025263
2 0.205789 0.315789 0.013684 0.029474
3 0.222632 0.318947 0.013684 0.025263
3 0.252632 0.321053 0.012632 0.025263
3 0.269474 0.321579 0.012632 0.026316
3 0.040526 0.318947 0.017895 0.027368
1 0.409474 0.963158 0.018947 0.035789
2 0.538947 0.975263 0.014737 0.028421
3 0.274737 0.226316 0.027368 0.021053
3 0.272632 0.185263 0.027368 0.021053
