6 0.500000 0.816316 0.033684 0.142105
3 0.604737 0.765263 0.020000 0.040000
2 0.637368 0.779474 0.017895 0.041053
2 0.338947 0.802105 0.021053 0.033684
2 0.370526 0.655789 0.016842 0.037895
3 0.374737 0.970526 0.014737 0.035789
3 0.342632 0.948947 0.017895 0.032632
2 0.735789 0.572105 0.018947 0.041053
3 0.736842 0.868421 0.014737 0.040000
3 0.793158 0.952105 0.015789 0.038947
3 0.766316 0.542632 0.014737 0.036842
3 0.761579 0.263158 0.015789 0.035789
2 0.533684 0.212632 0.018947 0.040000
3 0.500000 0.292632 0.018947 0.040000
1 0.364737 0.205789 0.022105 0.043158
3 0.368421 0.338947 0.016842 0.033684
3 0.515263 0.023158 0.017895 0.035789
