2 0.415263 0.222632 0.017895 0.041053
3 0.341579 0.256316 0.015789 0.036842
3 0.309474 0.364737 0.018947 0.038947
3 0.182632 0.365263 0.015789 0.037895
3 0.443158 0.265263 0.016842 0.035789
3 0.551053 0.221579 0.017895 0.032632
3 0.578421 0.319474 0.017895 0.041053
3 0.347368 0.637895 0.016842 0.037895
3 0.347895 0.918421 0.017895 0.041053
3 0.316316 0.926842 0.017895 0.038947
3 0.185263 0.916842 0.016842 0.040000
3 0.555263 0.893158 0.017895 0.034737
3 0.585789 0.880000 0.017895 0.037895
3 0.616316 0.872105 0.015789 0.036842
3 0.913158 0.226316 0.030526 0.035789
2 0.974211 0.033158 0.028421 0.036842
2 0.933684 0.014211 0.027368 0.026316
2 0.044737 0.450000 0.038947 0.015789
3 0.045263 0.469474 0.037895 0.018947
3 0.045789 0.522632 0.032632 0.013684
3 0.048947 0.542105 0.034737 0.016842
2 0.049474 0.561579 0.033684 0.013684
2 0.046842 0.585263 0.034737 0.016842
3 0.051053 0.605789 0.041053 0.017895
2 0.045789 0.623684 0.034737 0.013684
3 0.048947 0.644211 0.036842 0.014737
3 0.054211 0.664211 0.032632 0.014737
3 0.054211 0.746316 0.034737 0.014737
3 0.054737 0.784211 0.037895 0.018947
3 0.054737 0.765263 0.035789 0.014737
2 0.054737 0.804737 0.040000 0.017895
3 0.056842 0.824211 0.040000 0.018947
2 0.058947 0.844211 0.033684 0.016842
3 0.058421 0.865263 0.032632 0.014737
3 0.057368 0.884737 0.034737 0.015789
3 0.057895 0.905789 0.029474 0.015789
3 0.049474 0.928947 0.037895 0.017895
3 0.007368 0.797368 0.012632 0.032632
3 0.006842 0.702632 0.011579 0.034737
3 0.340000 0.012632 0.021053 0.023158
3 0.053158 0.724737 0.041053 0.015789
3 0.051053 0.704737 0.038947 0.015789
3 0.051053 0.684737 0.038947 0.013684
