3 0.334737 0.972105 0.016842 0.024211
6 0.392632 0.919474 0.033684 0.095789
3 0.404737 0.978421 0.013684 0.020000
3 0.436316 0.816842 0.015789 0.027368
3 0.398947 0.834211 0.012632 0.020000
2 0.427368 0.709474 0.014737 0.027368
3 0.407368 0.688947 0.010526 0.020000
3 0.579474 0.624737 0.011579 0.026316
3 0.600526 0.719474 0.011579 0.022105
3 0.607368 0.851579 0.014737 0.023158
3 0.446842 0.496842 0.011579 0.023158
2 0.456316 0.417368 0.011579 0.024211
3 0.478421 0.402105 0.013684 0.027368
3 0.536316 0.442105 0.013684 0.029474
2 0.583158 0.380000 0.012632 0.027368
3 0.566842 0.264737 0.011579 0.024211
3 0.439474 0.305263 0.011579 0.027368
2 0.459474 0.095263 0.011579 0.026316
3 0.438947 0.102632 0.012632 0.026316
3 0.476316 0.012105 0.013684 0.022105
