3 0.305789 0.824211 0.015789 0.023158
3 0.326842 0.735263 0.015789 0.024211
2 0.391579 0.566316 0.018947 0.025263
3 0.432105 0.491579 0.015789 0.025263
3 0.438421 0.425789 0.015789 0.026316
1 0.615263 0.429474 0.017895 0.037895
3 0.617895 0.604737 0.014737 0.026316
3 0.593684 0.770526 0.014737 0.029474
2 0.794737 0.896316 0.012632 0.024211
3 0.908421 0.616316 0.012632 0.028421
3 0.811053 0.664737 0.011579 0.024211
2 0.791579 0.396842 0.010526 0.027368
2 0.801579 0.300000 0.013684 0.027368
2 0.893684 0.413684 0.012632 0.027368
3 0.850000 0.174737 0.015789 0.027368
2 0.630000 0.200000 0.011579 0.025263
3 0.562632 0.240000 0.011579 0.023158
2 0.480526 0.232632 0.013684 0.023158
3 0.654737 0.069474 0.010526 0.027368
3 0.763158 0.015789 0.016842 0.027368
3 0.778947 0.120000 0.012632 0.023158
3 0.808947 0.025789 0.013684 0.022105
