3 0.321579 0.837895 0.013684 0.023158
3 0.391053 0.817368 0.011579 0.024211
3 0.391053 0.578421 0.011579 0.028421
3 0.511053 0.606316 0.017895 0.018947
3 0.648421 0.530000 0.012632 0.028421
3 0.792632 0.683158 0.016842 0.021053
3 0.825789 0.713684 0.015789 0.025263
3 0.767895 0.373684 0.013684 0.023158
3 0.645263 0.341053 0.010526 0.027368
2 0.424211 0.287895 0.012632 0.026316
3 0.314737 0.252105 0.012632 0.024211
2 0.330526 0.182105 0.012632 0.025263
3 0.304737 0.108947 0.013684 0.026316
3 0.633158 0.140000 0.015789 0.025263
3 0.321579 0.051579 0.013684 0.025263
1 0.735789 0.087368 0.018947 0.040000
3 0.743684 0.198421 0.011579 0.024211
3 0.525263 0.945263 0.023158 0.014737
3 0.320000 0.501053 0.010526 0.021053
3 0.416316 0.166316 0.013684 0.023158
