3 0.046316 0.922632 0.031579 0.013684
3 0.011579 0.880526 0.021053 0.013684
3 0.160526 0.901579 0.032632 0.015789
3 0.203158 0.898421 0.031579 0.013684
3 0.244737 0.902632 0.034737 0.015789
3 0.268421 0.879474 0.031579 0.015789
3 0.312105 0.878947 0.034737 0.014737
3 0.076842 0.859474 0.029474 0.013684
3 0.175789 0.951579 0.031579 0.016842
3 0.230526 0.952632 0.029474 0.012632
3 0.333158 0.945263 0.032632 0.016842
3 0.331579 0.922105 0.031579 0.014737
3 0.336316 0.897368 0.030526 0.013684
3 0.293684 0.898947 0.029474 0.014737
3 0.478421 0.911579 0.030526 0.027368
2 0.567895 0.928947 0.036842 0.015789
3 0.554211 0.904737 0.030526 0.013684
3 0.596316 0.904211 0.030526 0.014737
3 0.527368 0.861053 0.031579 0.014737
3 0.445789 0.798421 0.015789 0.030526
3 0.445789 0.760526 0.017895 0.038947
3 0.402632 0.794211 0.015789 0.032632
3 0.442105 0.688947 0.016842 0.030526
3 0.432105 0.646316 0.013684 0.031579
2 0.402632 0.385263 0.013684 0.029474
3 0.403684 0.344737 0.013684 0.032632
3 0.450000 0.355789 0.015789 0.029474
3 0.403684 0.308421 0.013684 0.025263
3 0.449474 0.036842 0.012632 0.027368
3 0.623684 0.923158 0.032632 0.014737
3 0.627895 0.883684 0.032632 0.015789
3 0.606316 0.860000 0.033684 0.014737
3 0.646842 0.861579 0.028421 0.013684
3 0.649474 0.902632 0.035789 0.013684
3 0.698947 0.859474 0.031579 0.013684
3 0.727895 0.881053 0.030526 0.014737
3 0.703158 0.903684 0.027368 0.013684
3 0.666316 0.922105 0.033684 0.014737
3 0.714737 0.925263 0.029474 0.014737
3 0.779474 0.952632 0.034737 0.016842
3 0.812632 0.926316 0.035789 0.016842
3 0.763684 0.924737 0.036842 0.015789
3 0.797368 0.901579 0.030526 0.013684
2 0.747368 0.899474 0.033684 0.013684
3 0.816316 0.882105 0.032632 0.014737
3 0.771053 0.879474 0.032632 0.013684
3 0.774737 0.859474 0.035789 0.013684
3 0.827895 0.857368 0.028421 0.013684
3 0.863158 0.880526 0.033684 0.013684
3 0.864211 0.928421 0.033684 0.016842
3 0.844737 0.903158 0.036842 0.014737
3 0.969474 0.714211 0.014737 0.030526
3 0.967368 0.647368 0.014737 0.033684
3 0.967895 0.612105 0.013684 0.028421
3 0.967368 0.574211 0.014737 0.032632
3 0.967895 0.536842 0.013684 0.031579
3 0.967368 0.497368 0.014737 0.030526
3 0.922632 0.547368 0.013684 0.033684
3 0.965263 0.454737 0.014737 0.033684
2 0.922632 0.355789 0.015789 0.035789
3 0.917895 0.281053 0.014737 0.031579
3 0.916842 0.244737 0.012632 0.032632
3 0.916316 0.209474 0.011579 0.031579
3 0.960000 0.018947 0.014737 0.031579
3 0.959474 0.062105 0.013684 0.031579
3 0.960000 0.101579 0.012632 0.032632
3 0.959474 0.135263 0.013684 0.030526
3 0.957895 0.174211 0.018947 0.028421
3 0.961579 0.210000 0.011579 0.030526
3 0.963158 0.245789 0.012632 0.026316
3 0.963684 0.293158 0.013684 0.030526
3 0.963684 0.332632 0.015789 0.031579
3 0.963684 0.377895 0.015789 0.029474
