6 0.779474 0.634737 0.017895 0.092632
3 0.712105 0.634737 0.013684 0.025263
3 0.691579 0.741579 0.012632 0.024211
3 0.926842 0.558947 0.011579 0.029474
3 0.708947 0.405789 0.011579 0.024211
3 0.686316 0.339474 0.010526 0.022105
2 0.751053 0.298947 0.013684 0.027368
3 0.344211 0.445263 0.016842 0.023158
2 0.400000 0.508947 0.023158 0.022105
2 0.331579 0.346316 0.014737 0.027368
2 0.626842 0.588421 0.024211 0.014737
3 0.708421 0.890000 0.012632 0.026316
3 0.889474 0.880000 0.012632 0.025263
2 0.741053 0.076842 0.012632 0.027368
3 0.322632 0.113158 0.011579 0.024211
