3 0.363684 0.914211 0.013684 0.024211
3 0.530526 0.820526 0.010526 0.022105
3 0.550526 0.643158 0.010526 0.023158
3 0.530000 0.436842 0.011579 0.021053
2 0.716842 0.282632 0.010526 0.028421
3 0.595263 0.122632 0.011579 0.024211
3 0.547368 0.202105 0.010526 0.025263
3 0.528947 0.223684 0.011579 0.022105
3 0.616316 0.221053 0.011579 0.025263
2 0.615263 0.045789 0.011579 0.026316
3 0.546316 0.037895 0.012632 0.027368
3 0.734737 0.669474 0.012632 0.025263
3 0.589474 0.025263 0.010526 0.023158
2 0.768947 0.983158 0.011579 0.025263
