3 0.457895 0.951053 0.010526 0.028421
3 0.595263 0.790526 0.011579 0.029474
3 0.527368 0.746842 0.012632 0.026316
3 0.455789 0.630526 0.012632 0.029474
3 0.530000 0.565789 0.011579 0.024211
3 0.698947 0.653158 0.010526 0.022105
2 0.722632 0.536316 0.013684 0.026316
3 0.434211 0.483684 0.013684 0.026316
3 0.425789 0.405789 0.013684 0.026316
3 0.619474 0.262105 0.011579 0.025263
3 0.527895 0.340526 0.011579 0.026316
3 0.418947 0.313684 0.012632 0.025263
3 0.425789 0.222632 0.015789 0.026316
3 0.402105 0.210000 0.012632 0.026316
2 0.548947 0.217368 0.011579 0.024211
5 0.710000 0.353684 0.015789 0.063158
2 0.765263 0.085789 0.012632 0.028421
3 0.388947 0.136316 0.017895 0.028421
3 0.360526 0.016316 0.015789 0.024211
2 0.864211 0.703684 0.023158 0.013684
2 0.871053 0.736842 0.011579 0.023158
3 0.808421 0.743158 0.027368 0.012632
2 0.837895 0.705789 0.023158 0.011579
2 0.785789 0.719474 0.022105 0.009474
2 0.828947 0.793684 0.020000 0.012632
2 0.806842 0.792105 0.022105 0.011579
3 0.834211 0.732105 0.022105 0.011579
2 0.837895 0.718947 0.021053 0.012632
3 0.786316 0.731579 0.023158 0.010526
3 0.811053 0.719474 0.022105 0.013684
1 0.860000 0.803158 0.035789 0.014737
2 0.906316 0.397895 0.023158 0.010526
3 0.911579 0.495789 0.018947 0.010526
3 0.910000 0.423158 0.020000 0.010526
3 0.195263 0.677368 0.024211 0.011579
3 0.195263 0.658947 0.022105 0.010526
