3 0.534211 0.979474 0.026316 0.011579
3 0.714737 0.962632 0.025263 0.011579
2 0.504211 0.823158 0.012632 0.027368
3 0.483684 0.803158 0.013684 0.029474
2 0.636316 0.763684 0.013684 0.026316
3 0.504737 0.757368 0.011579 0.028421
6 0.727368 0.765263 0.033684 0.044211
3 0.871579 0.764737 0.014737 0.026316
3 0.885789 0.856842 0.011579 0.025263
3 0.822105 0.700000 0.023158 0.021053
3 0.853684 0.682632 0.021053 0.015789
3 0.867895 0.652632 0.020000 0.016842
2 0.417895 0.652632 0.012632 0.025263
3 0.400000 0.610526 0.012632 0.027368
2 0.503684 0.495263 0.013684 0.026316
3 0.400526 0.415263 0.011579 0.026316
2 0.574737 0.384211 0.012632 0.027368
3 0.421053 0.318421 0.012632 0.020000
3 0.400526 0.131053 0.011579 0.026316
3 0.661053 0.233684 0.012632 0.021053
3 0.637368 0.249474 0.011579 0.023158
3 0.505789 0.023158 0.013684 0.027368
