6 0.732632 0.821579 0.021053 0.114737
6 0.733158 0.636316 0.022105 0.118947
3 0.616316 0.882105 0.015789 0.033684
2 0.644737 0.886842 0.013684 0.030526
2 0.702632 0.896842 0.015789 0.035789
2 0.839474 0.661579 0.015789 0.032632
3 0.813158 0.631053 0.013684 0.028421
2 0.510526 0.537368 0.014737 0.032632
2 0.226842 0.468421 0.034737 0.016842
2 0.080000 0.472632 0.033684 0.014737
3 0.619474 0.336316 0.015789 0.034737
2 0.647895 0.293684 0.013684 0.031579
3 0.966316 0.286316 0.033684 0.016842
2 0.968421 0.233158 0.033684 0.015789
2 0.970526 0.216316 0.031579 0.015789
3 0.972105 0.118421 0.028421 0.015789
3 0.972632 0.098947 0.031579 0.014737
3 0.963684 0.030526 0.028421 0.023158
1 0.967368 0.321579 0.042105 0.015789
1 0.963684 0.267368 0.036842 0.016842
