6 0.758947 0.713158 0.025263 0.118947
6 0.761053 0.211579 0.025263 0.115789
3 0.481053 0.901053 0.021053 0.031579
3 0.634211 0.810526 0.015789 0.031579
2 0.634211 0.654211 0.013684 0.032632
3 0.848421 0.783158 0.016842 0.037895
3 0.878421 0.746842 0.015789 0.032632
3 0.985263 0.531053 0.012632 0.030526
3 0.984211 0.815263 0.012632 0.028421
2 0.605263 0.498421 0.031579 0.030526
3 0.523684 0.461053 0.032632 0.012632
2 0.352632 0.388421 0.037895 0.023158
3 0.437368 0.352105 0.013684 0.028421
3 0.409474 0.353158 0.012632 0.030526
3 0.372632 0.348421 0.014737 0.029474
3 0.556316 0.335789 0.032632 0.016842
3 0.557368 0.320000 0.032632 0.012632
3 0.558421 0.304737 0.030526 0.013684
3 0.498421 0.238947 0.015789 0.031579
3 0.497368 0.272632 0.013684 0.029474
3 0.498947 0.307895 0.014737 0.034737
3 0.561053 0.254737 0.035789 0.016842
3 0.562105 0.225789 0.033684 0.015789
2 0.532632 0.134737 0.014737 0.029474
3 0.560000 0.123158 0.033684 0.014737
3 0.478947 0.082105 0.012632 0.029474
3 0.223684 0.326842 0.017895 0.034737
2 0.190526 0.288421 0.033684 0.014737
3 0.193158 0.267368 0.034737 0.014737
2 0.194737 0.252105 0.031579 0.013684
2 0.198421 0.228947 0.030526 0.013684
2 0.197895 0.205263 0.031579 0.014737
3 0.196842 0.188421 0.031579 0.012632
3 0.195789 0.171579 0.033684 0.012632
3 0.195789 0.137368 0.031579 0.015789
3 0.561053 0.285789 0.033684 0.013684
3 0.561053 0.203684 0.029474 0.011579
2 0.562632 0.088421 0.028421 0.012632
3 0.538947 0.031579 0.016842 0.031579
3 0.282632 0.123684 0.015789 0.030526
1 0.256842 0.121579 0.021053 0.036842
1 0.196842 0.154737 0.037895 0.014737
3 0.791579 0.349474 0.014737 0.033684
3 0.961053 0.319474 0.014737 0.034737
2 0.985789 0.283684 0.015789 0.034737
3 0.986316 0.023684 0.010526 0.028421
2 0.351053 0.816316 0.022105 0.028421
3 0.561579 0.186842 0.028421 0.011579
3 0.561053 0.171053 0.029474 0.011579
3 0.559474 0.152105 0.030526 0.011579
3 0.558947 0.137368 0.029474 0.011579
3 0.560526 0.104211 0.030526 0.012632
3 0.560000 0.071053 0.031579 0.011579
3 0.532105 0.085263 0.015789 0.029474
3 0.561579 0.270526 0.034737 0.010526
3 0.533684 0.286316 0.014737 0.027368
