3 0.026842 0.122632 0.020000 0.034737
3 0.039474 0.267368 0.013684 0.029474
3 0.161579 0.436316 0.013684 0.028421
3 0.176316 0.521579 0.013684 0.034737
3 0.364737 0.597895 0.013684 0.029474
3 0.500526 0.728421 0.013684 0.031579
3 0.636842 0.820000 0.012632 0.035789
3 0.763684 0.374737 0.011579 0.029474
2 0.682632 0.455263 0.013684 0.032632
3 0.810000 0.110526 0.030526 0.014737
3 0.631579 0.070526 0.027368 0.012632
3 0.634211 0.123684 0.032632 0.013684
3 0.393684 0.224737 0.016842 0.034737
3 0.501053 0.250000 0.014737 0.034737
3 0.277368 0.212105 0.013684 0.030526
3 0.307895 0.293684 0.013684 0.029474
3 0.169474 0.268421 0.014737 0.031579
3 0.364211 0.371579 0.014737 0.035789
1 0.364211 0.722105 0.016842 0.044211
1 0.701579 0.451579 0.015789 0.042105
1 0.770526 0.862105 0.016842 0.037895
1 0.150000 0.729474 0.013684 0.035789
1 0.636316 0.338947 0.043158 0.016842
3 0.640000 0.316842 0.033684 0.016842
2 0.945789 0.838947 0.017895 0.031579
2 0.818421 0.855263 0.017895 0.030526
3 0.809474 0.490526 0.014737 0.033684
3 0.747368 0.452105 0.014737 0.032632
