3 0.026842 0.112632 0.030526 0.014737
3 0.030000 0.130526 0.026316 0.014737
3 0.028947 0.146842 0.026316 0.013684
3 0.025789 0.162632 0.032632 0.015789
3 0.025263 0.194737 0.031579 0.010526
3 0.025263 0.210000 0.033684 0.013684
3 0.021579 0.228421 0.030526 0.014737
3 0.068421 0.185789 0.033684 0.015789
3 0.066316 0.132632 0.031579 0.012632
3 0.142632 0.117895 0.034737 0.014737
3 0.144737 0.135263 0.034737 0.013684
3 0.145263 0.152105 0.029474 0.013684
3 0.143684 0.204737 0.030526 0.015789
3 0.260526 0.203158 0.032632 0.014737
3 0.261579 0.237368 0.032632 0.013684
3 0.264211 0.271579 0.031579 0.012632
3 0.185789 0.270000 0.030526 0.011579
3 0.145263 0.268947 0.029474 0.013684
3 0.182632 0.285789 0.026316 0.011579
3 0.263684 0.287895 0.030526 0.011579
3 0.264211 0.303684 0.031579 0.015789
3 0.265263 0.319474 0.027368 0.011579
3 0.182632 0.303684 0.026316 0.013684
3 0.148421 0.320000 0.029474 0.012632
3 0.183684 0.336316 0.030526 0.015789
3 0.185263 0.354211 0.033684 0.013684
3 0.147368 0.370000 0.025263 0.011579
3 0.184211 0.385789 0.033684 0.013684
3 0.181053 0.402105 0.027368 0.012632
3 0.151579 0.413158 0.027368 0.013684
3 0.184737 0.450526 0.026316 0.012632
3 0.083158 0.441579 0.033684 0.026316
3 0.186316 0.483158 0.035789 0.014737
3 0.262632 0.467895 0.028421 0.015789
3 0.261579 0.501579 0.034737 0.017895
3 0.262632 0.546842 0.032632 0.017895
3 0.262632 0.527368 0.028421 0.014737
3 0.185263 0.519474 0.029474 0.020000
3 0.187895 0.502105 0.030526 0.014737
3 0.147368 0.474211 0.029474 0.013684
3 0.145789 0.454737 0.028421 0.014737
3 0.078947 0.570000 0.031579 0.015789
3 0.077368 0.587895 0.026316 0.013684
3 0.263158 0.565789 0.037895 0.013684
3 0.091579 0.672632 0.033684 0.016842
3 0.086842 0.620000 0.032632 0.014737
3 0.091053 0.724737 0.034737 0.013684
3 0.091053 0.740526 0.032632 0.013684
3 0.092105 0.757368 0.032632 0.015789
3 0.335789 0.905789 0.029474 0.015789
3 0.335789 0.887895 0.027368 0.015789
3 0.246316 0.923158 0.027368 0.012632
3 0.247895 0.941053 0.030526 0.014737
3 0.328421 0.975789 0.029474 0.014737
3 0.329474 0.993684 0.029474 0.012632
3 0.331579 0.940000 0.031579 0.014737
3 0.332105 0.957895 0.030526 0.012632
3 0.512632 0.853158 0.016842 0.024211
3 0.651579 0.851053 0.021053 0.024211
3 0.668947 0.849474 0.024211 0.031579
3 0.718947 0.849474 0.025263 0.035789
3 0.766842 0.848421 0.026316 0.031579
3 0.785789 0.849474 0.017895 0.025263
3 0.811053 0.789474 0.015789 0.031579
3 0.838947 0.850526 0.023158 0.027368
3 0.863158 0.849474 0.023158 0.029474
3 0.881053 0.848947 0.021053 0.028421
3 0.899474 0.848947 0.017895 0.028421
3 0.948947 0.850000 0.026316 0.028421
3 0.940526 0.726316 0.032632 0.016842
3 0.755263 0.789474 0.013684 0.033684
3 0.957895 0.626842 0.025263 0.022105
3 0.572105 0.704211 0.024211 0.012632
3 0.265263 0.419474 0.029474 0.013684
3 0.641053 0.704737 0.027368 0.013684
1 0.065789 0.232105 0.045263 0.017895
1 0.440000 0.820000 0.018947 0.040000
1 0.475263 0.843684 0.017895 0.041053
1 0.502632 0.797368 0.036842 0.028421
1 0.983684 0.726316 0.032632 0.018947
3 0.835263 0.123158 0.030526 0.025263
3 0.875789 0.143684 0.031579 0.026316
3 0.911579 0.161579 0.031579 0.022105
2 0.024737 0.180526 0.034737 0.015789
2 0.146316 0.220526 0.033684 0.013684
2 0.068947 0.203158 0.034737 0.014737
2 0.150000 0.303684 0.034737 0.015789
2 0.262632 0.435789 0.032632 0.014737
2 0.186316 0.433158 0.033684 0.015789
2 0.083684 0.418947 0.032632 0.021053
2 0.147895 0.338947 0.032632 0.014737
2 0.147368 0.354211 0.035789 0.013684
2 0.087895 0.456316 0.032632 0.022105
2 0.083158 0.554737 0.033684 0.012632
2 0.076316 0.521579 0.034737 0.013684
2 0.088421 0.637895 0.033684 0.012632
2 0.091053 0.788947 0.032632 0.013684
2 0.248947 0.885789 0.028421 0.015789
2 0.247368 0.904737 0.029474 0.013684
2 0.102632 0.933158 0.026316 0.024211
2 0.549474 0.793684 0.014737 0.029474
2 0.495263 0.852105 0.017895 0.030526
2 0.776842 0.792105 0.018947 0.030526
2 0.794211 0.791053 0.013684 0.032632
2 0.793684 0.697895 0.033684 0.016842
2 0.757895 0.702632 0.031579 0.015789
2 0.833158 0.727368 0.034737 0.014737
2 0.971579 0.850526 0.025263 0.029474
2 0.813158 0.850000 0.024211 0.026316
2 0.794737 0.101579 0.035789 0.024211
