2 0.317895 0.115789 0.031579 0.012632
2 0.448421 0.106316 0.031579 0.014737
2 0.364211 0.040000 0.029474 0.012632
2 0.357895 0.295263 0.031579 0.015789
2 0.394737 0.714737 0.031579 0.016842
2 0.301053 0.714737 0.031579 0.016842
2 0.075263 0.807895 0.032632 0.013684
2 0.304211 0.750000 0.027368 0.015789
2 0.300526 0.874737 0.028421 0.014737
2 0.443158 0.157895 0.029474 0.014737
3 0.362632 0.021053 0.032632 0.014737
3 0.447368 0.037895 0.031579 0.014737
3 0.448421 0.053158 0.029474 0.011579
3 0.448421 0.088421 0.033684 0.014737
3 0.383684 0.118421 0.030526 0.017895
3 0.442632 0.193684 0.032632 0.014737
3 0.447368 0.122632 0.031579 0.013684
3 0.303684 0.767368 0.030526 0.014737
3 0.385263 0.748947 0.027368 0.011579
3 0.384211 0.732632 0.029474 0.014737
3 0.302105 0.732105 0.029474 0.013684
3 0.212105 0.842632 0.030526 0.028421
3 0.264211 0.805789 0.012632 0.032632
3 0.228947 0.917895 0.020000 0.035789
3 0.300526 0.983158 0.036842 0.014737
3 0.383684 0.827368 0.028421 0.014737
3 0.386842 0.794211 0.028421 0.013684
3 0.384211 0.809474 0.027368 0.012632
3 0.383684 0.843158 0.028421 0.012632
3 0.304211 0.781579 0.027368 0.013684
3 0.303158 0.797368 0.029474 0.013684
3 0.302105 0.813684 0.029474 0.012632
3 0.305263 0.826842 0.027368 0.013684
3 0.306316 0.841579 0.029474 0.013684
3 0.304737 0.859474 0.028421 0.013684
1 0.386316 0.765263 0.037895 0.014737
2 0.513158 0.982105 0.028421 0.014737
