2 0.464211 0.204211 0.012632 0.029474
2 0.391053 0.209474 0.026316 0.014737
2 0.457368 0.331579 0.030526 0.025263
2 0.460000 0.409474 0.029474 0.016842
2 0.391053 0.593684 0.028421 0.012632
2 0.392105 0.576316 0.026316 0.013684
2 0.396316 0.494737 0.030526 0.012632
2 0.071579 0.670000 0.012632 0.028421
2 0.278421 0.751579 0.013684 0.027368
2 0.296316 0.752632 0.015789 0.029474
2 0.071579 0.792632 0.033684 0.014737
2 0.133158 0.853684 0.015789 0.029474
2 0.153158 0.852632 0.013684 0.029474
2 0.321579 0.792105 0.030526 0.013684
2 0.362105 0.792105 0.031579 0.013684
2 0.362632 0.856842 0.013684 0.029474
2 0.481053 0.855789 0.012632 0.029474
2 0.273684 0.853684 0.012632 0.029474
2 0.283158 0.690526 0.018947 0.027368
2 0.458947 0.273158 0.021053 0.030526
2 0.495263 0.463684 0.032632 0.015789
2 0.359474 0.688947 0.020000 0.028421
2 0.394211 0.368947 0.024211 0.013684
2 0.397895 0.330000 0.033684 0.015789
2 0.689474 0.857368 0.012632 0.030526
2 0.832105 0.803684 0.030526 0.020000
2 0.900526 0.839474 0.026316 0.026316
2 0.843684 0.890526 0.032632 0.027368
2 0.849474 0.914737 0.029474 0.025263
2 0.662105 0.788421 0.029474 0.012632
2 0.587368 0.858421 0.014737 0.030526
2 0.377368 0.856316 0.013684 0.028421
2 0.052105 0.750000 0.013684 0.026316
2 0.321579 0.690000 0.022105 0.030526
2 0.336316 0.754737 0.015789 0.029474
2 0.404211 0.760000 0.012632 0.029474
1 0.086842 0.670526 0.013684 0.031579
1 0.022105 0.670000 0.018947 0.036842
1 0.088947 0.751053 0.017895 0.038947
1 0.496842 0.442105 0.035789 0.016842
1 0.483684 0.204737 0.017895 0.032632
1 0.303158 0.695263 0.025263 0.036842
3 0.039474 0.668421 0.013684 0.029474
3 0.055263 0.668947 0.013684 0.032632
3 0.100526 0.667895 0.013684 0.030526
3 0.138947 0.666842 0.014737 0.030526
3 0.161053 0.676842 0.012632 0.027368
3 0.122105 0.668421 0.014737 0.029474
3 0.035789 0.753158 0.012632 0.026316
3 0.037368 0.792632 0.028421 0.014737
3 0.104211 0.792632 0.025263 0.012632
3 0.187368 0.793684 0.029474 0.014737
3 0.170000 0.852632 0.011579 0.025263
3 0.187895 0.855789 0.017895 0.033684
3 0.257895 0.853158 0.012632 0.030526
3 0.345263 0.856316 0.012632 0.030526
3 0.327368 0.853158 0.012632 0.028421
3 0.254211 0.792105 0.036842 0.013684
3 0.220000 0.792632 0.027368 0.012632
3 0.224211 0.752105 0.014737 0.032632
3 0.240526 0.753158 0.013684 0.030526
3 0.258947 0.752105 0.016842 0.034737
3 0.265263 0.690526 0.021053 0.031579
3 0.227368 0.683684 0.016842 0.026316
3 0.210000 0.683158 0.013684 0.025263
3 0.245789 0.688421 0.020000 0.027368
3 0.110526 0.752105 0.012632 0.028421
3 0.125789 0.752105 0.011579 0.028421
3 0.142105 0.753158 0.016842 0.034737
3 0.158421 0.752632 0.013684 0.029474
3 0.173684 0.751579 0.016842 0.027368
3 0.207895 0.753684 0.015789 0.033684
3 0.191053 0.752632 0.013684 0.031579
3 0.312632 0.752632 0.014737 0.031579
3 0.370000 0.754211 0.013684 0.032632
2 0.386316 0.753684 0.014737 0.029474
3 0.353158 0.752105 0.011579 0.028421
3 0.552105 0.791579 0.030526 0.016842
3 0.589474 0.788421 0.033684 0.014737
3 0.627368 0.789474 0.025263 0.012632
3 0.673158 0.856842 0.013684 0.029474
3 0.727368 0.787895 0.031579 0.013684
3 0.858947 0.785789 0.029474 0.015789
3 0.924737 0.800000 0.030526 0.021053
3 0.847895 0.937368 0.030526 0.026316
3 0.923158 0.986316 0.035789 0.014737
3 0.844211 0.958421 0.031579 0.022105
3 0.098421 0.855263 0.015789 0.030526
3 0.413684 0.855263 0.014737 0.032632
3 0.429474 0.853684 0.014737 0.029474
3 0.445263 0.852105 0.012632 0.032632
3 0.463684 0.855263 0.015789 0.032632
3 0.500526 0.856842 0.013684 0.029474
3 0.517368 0.857368 0.015789 0.032632
3 0.534211 0.857895 0.013684 0.031579
3 0.554211 0.857895 0.015789 0.031579
3 0.571053 0.857895 0.013684 0.031579
3 0.487895 0.776316 0.030526 0.024211
3 0.454737 0.744737 0.025263 0.030526
3 0.393158 0.684737 0.015789 0.026316
3 0.389474 0.663684 0.031579 0.013684
3 0.391579 0.646842 0.031579 0.013684
3 0.392632 0.628947 0.033684 0.013684
3 0.392105 0.610526 0.030526 0.012632
3 0.621579 0.854211 0.013684 0.028421
3 0.339474 0.689474 0.024211 0.033684
3 0.394211 0.542105 0.030526 0.014737
3 0.393684 0.560526 0.031579 0.013684
3 0.395789 0.525263 0.029474 0.012632
3 0.397895 0.512632 0.031579 0.012632
3 0.396842 0.475263 0.031579 0.013684
3 0.468947 0.431579 0.022105 0.018947
3 0.393684 0.405263 0.029474 0.012632
3 0.393158 0.388421 0.030526 0.012632
3 0.397368 0.352105 0.032632 0.013684
3 0.395263 0.311053 0.030526 0.013684
3 0.474737 0.271053 0.021053 0.028421
3 0.491053 0.267368 0.022105 0.027368
3 0.511053 0.268947 0.020000 0.024211
3 0.533158 0.265789 0.024211 0.026316
3 0.595789 0.205789 0.018947 0.032632
3 0.393158 0.226316 0.034737 0.014737
3 0.393684 0.244211 0.031579 0.014737
3 0.426316 0.260000 0.014737 0.027368
3 0.390526 0.176316 0.029474 0.015789
3 0.390526 0.160526 0.031579 0.011579
3 0.393158 0.130000 0.030526 0.013684
3 0.391579 0.094737 0.031579 0.014737
3 0.392632 0.077368 0.031579 0.013684
3 0.395789 0.033684 0.035789 0.014737
3 0.395789 0.014737 0.035789 0.012632
3 0.466842 0.050000 0.026316 0.013684
3 0.468421 0.079474 0.025263 0.011579
3 0.472632 0.096316 0.029474 0.015789
3 0.473684 0.113158 0.029474 0.013684
3 0.505789 0.108947 0.026316 0.011579
3 0.578947 0.173684 0.014737 0.027368
3 0.594211 0.171579 0.015789 0.023158
3 0.564211 0.172105 0.014737 0.026316
3 0.561579 0.207368 0.011579 0.025263
3 0.577368 0.205789 0.013684 0.028421
3 0.450526 0.209474 0.012632 0.025263
3 0.449474 0.178947 0.012632 0.033684
3 0.468947 0.063158 0.026316 0.012632
3 0.460000 0.391053 0.031579 0.017895
