6 0.363158 0.144737 0.018947 0.072632
3 0.431053 0.104211 0.015789 0.031579
1 0.431053 0.048421 0.015789 0.042105
3 0.411579 0.041579 0.014737 0.032632
3 0.427895 0.155789 0.015789 0.027368
3 0.452632 0.283684 0.018947 0.036842
3 0.451579 0.317895 0.012632 0.027368
1 0.440526 0.348947 0.015789 0.034737
3 0.448947 0.407895 0.015789 0.034737
2 0.357895 0.450000 0.012632 0.034737
3 0.357895 0.395263 0.014737 0.028421
2 0.358421 0.362105 0.011579 0.029474
6 0.363158 0.287368 0.018947 0.073684
3 0.450526 0.443158 0.014737 0.029474
3 0.449474 0.515789 0.014737 0.033684
3 0.355263 0.604211 0.013684 0.031579
3 0.355789 0.640526 0.012632 0.028421
3 0.355789 0.674211 0.012632 0.032632
3 0.355263 0.714737 0.013684 0.031579
3 0.355789 0.748421 0.012632 0.031579
3 0.355263 0.791579 0.013684 0.035789
3 0.837368 0.901579 0.034737 0.017895
3 0.792105 0.860526 0.026316 0.013684
3 0.715263 0.857895 0.030526 0.014737
2 0.632632 0.860526 0.029474 0.015789
3 0.586842 0.951579 0.034737 0.012632
2 0.281579 0.904211 0.032632 0.014737
2 0.267895 0.927368 0.030526 0.016842
3 0.226842 0.904211 0.032632 0.014737
3 0.294211 0.887368 0.030526 0.014737
1 0.262632 0.868947 0.041053 0.020000
3 0.176842 0.901579 0.033684 0.015789
3 0.129474 0.952632 0.033684 0.012632
3 0.116842 0.880526 0.031579 0.013684
3 0.164737 0.880000 0.034737 0.014737
3 0.040526 0.861579 0.030526 0.015789
3 0.083684 0.861579 0.034737 0.015789
3 0.147895 0.862105 0.036842 0.016842
3 0.207895 0.861053 0.034737 0.014737
3 0.049474 0.952105 0.025263 0.013684
3 0.970526 0.021053 0.016842 0.031579
3 0.974737 0.104211 0.012632 0.029474
3 0.975263 0.145789 0.013684 0.034737
3 0.977895 0.206842 0.016842 0.032632
3 0.934737 0.269474 0.012632 0.033684
3 0.951579 0.263158 0.014737 0.033684
3 0.978947 0.277368 0.012632 0.028421
3 0.978421 0.243158 0.011579 0.027368
3 0.934211 0.233684 0.011579 0.027368
3 0.978947 0.418947 0.014737 0.035789
3 0.936316 0.431053 0.013684 0.028421
3 0.938421 0.548421 0.011579 0.025263
3 0.938947 0.516316 0.012632 0.032632
3 0.936316 0.466316 0.013684 0.031579
3 0.980000 0.455789 0.014737 0.031579
3 0.983684 0.524737 0.011579 0.032632
3 0.984737 0.798421 0.013684 0.030526
3 0.669474 0.857368 0.027368 0.013684
3 0.943158 0.792105 0.012632 0.028421
3 0.532105 0.076316 0.030526 0.011579
