3 0.240526 0.137895 0.030526 0.014737
3 0.238947 0.153684 0.031579 0.014737
3 0.240526 0.120000 0.030526 0.012632
3 0.316842 0.211053 0.033684 0.013684
3 0.317895 0.248947 0.027368 0.013684
3 0.316316 0.229474 0.028421 0.012632
3 0.361579 0.251579 0.015789 0.027368
3 0.405263 0.263684 0.031579 0.013684
3 0.403158 0.299474 0.031579 0.015789
3 0.401053 0.333158 0.033684 0.015789
3 0.181053 0.376842 0.014737 0.029474
3 0.098947 0.502632 0.031579 0.017895
3 0.515263 0.474737 0.015789 0.031579
3 0.431579 0.434211 0.029474 0.013684
3 0.461053 0.388421 0.016842 0.029474
3 0.477368 0.387368 0.013684 0.029474
3 0.531579 0.387368 0.014737 0.029474
3 0.548421 0.387368 0.014737 0.029474
3 0.584737 0.385263 0.013684 0.031579
3 0.635789 0.385263 0.014737 0.031579
3 0.520526 0.542105 0.015789 0.027368
3 0.453158 0.543158 0.013684 0.025263
3 0.311579 0.547895 0.014737 0.036842
3 0.244211 0.419474 0.029474 0.013684
3 0.244737 0.453158 0.028421 0.017895
3 0.020000 0.588421 0.029474 0.014737
3 0.024737 0.555263 0.036842 0.015789
3 0.021053 0.484211 0.031579 0.012632
3 0.020526 0.518947 0.032632 0.014737
3 0.018947 0.468421 0.029474 0.012632
3 0.018947 0.451579 0.029474 0.014737
3 0.017368 0.431579 0.028421 0.014737
3 0.023158 0.798421 0.029474 0.013684
3 0.108421 0.647895 0.025263 0.013684
3 0.190000 0.949474 0.013684 0.031579
3 0.188421 0.915263 0.016842 0.030526
3 0.301579 0.992105 0.028421 0.013684
3 0.334211 0.642632 0.015789 0.028421
3 0.279474 0.700000 0.020000 0.023158
3 0.311579 0.733158 0.035789 0.013684
3 0.490526 0.640000 0.014737 0.031579
3 0.598947 0.543684 0.014737 0.030526
3 0.615263 0.543158 0.011579 0.029474
3 0.634211 0.544737 0.013684 0.030526
3 0.567895 0.541579 0.011579 0.026316
3 0.582632 0.542632 0.013684 0.026316
3 0.505789 0.543158 0.013684 0.027368
3 0.592105 0.637368 0.015789 0.030526
3 0.573684 0.636842 0.014737 0.031579
3 0.522105 0.639474 0.014737 0.030526
3 0.407895 0.641053 0.013684 0.033684
3 0.388421 0.639474 0.014737 0.032632
3 0.772105 0.541579 0.013684 0.028421
3 0.956316 0.480526 0.026316 0.032632
3 0.972105 0.442632 0.032632 0.026316
3 0.853158 0.625789 0.013684 0.026316
3 0.736842 0.799474 0.012632 0.030526
3 0.765789 0.750526 0.032632 0.014737
3 0.641053 0.185789 0.023158 0.022105
3 0.650000 0.203158 0.026316 0.018947
3 0.519474 0.178421 0.015789 0.030526
3 0.570526 0.239474 0.018947 0.032632
3 0.401053 0.141053 0.029474 0.014737
3 0.397368 0.190526 0.032632 0.012632
3 0.403158 0.230000 0.031579 0.015789
3 0.320526 0.088947 0.030526 0.013684
3 0.243158 0.230000 0.029474 0.013684
3 0.243684 0.246316 0.030526 0.014737
3 0.244211 0.261579 0.027368 0.011579
3 0.244737 0.278947 0.030526 0.014737
3 0.667368 0.283158 0.021053 0.029474
3 0.704737 0.800526 0.013684 0.030526
3 0.688947 0.798421 0.015789 0.032632
3 0.245789 0.748421 0.028421 0.014737
3 0.248947 0.766316 0.030526 0.016842
3 0.250526 0.785789 0.027368 0.015789
3 0.248421 0.804737 0.023158 0.011579
3 0.248421 0.881579 0.027368 0.011579
3 0.251053 0.897895 0.028421 0.012632
3 0.251053 0.913684 0.032632 0.012632
2 0.239474 0.103158 0.032632 0.014737
3 0.343684 0.011053 0.013684 0.020000
3 0.316842 0.069474 0.027368 0.014737
3 0.316842 0.105789 0.025263 0.013684
3 0.317895 0.123684 0.029474 0.013684
3 0.318947 0.141579 0.029474 0.013684
3 0.315263 0.157368 0.026316 0.011579
2 0.317368 0.194737 0.030526 0.014737
2 0.399474 0.123684 0.030526 0.015789
2 0.400000 0.074211 0.027368 0.011579
3 0.398947 0.090526 0.029474 0.012632
3 0.399474 0.106842 0.030526 0.013684
2 0.179474 0.302105 0.015789 0.029474
2 0.537895 0.323158 0.033684 0.014737
2 0.430526 0.416842 0.029474 0.014737
2 0.420000 0.544737 0.014737 0.030526
2 0.436316 0.545263 0.013684 0.029474
2 0.335263 0.547895 0.013684 0.030526
2 0.368947 0.544211 0.013684 0.023158
2 0.103158 0.417895 0.027368 0.014737
2 0.717368 0.537895 0.015789 0.029474
2 0.713158 0.502105 0.013684 0.027368
2 0.653684 0.468421 0.014737 0.031579
2 0.604211 0.470000 0.014737 0.030526
2 0.618421 0.384211 0.013684 0.029474
2 0.602105 0.383684 0.012632 0.028421
2 0.495789 0.385789 0.012632 0.030526
2 0.513158 0.387368 0.013684 0.029474
2 0.838421 0.540000 0.013684 0.029474
2 0.853158 0.594737 0.026316 0.014737
2 0.870526 0.624737 0.014737 0.030526
2 0.933158 0.624211 0.013684 0.029474
2 0.946842 0.623684 0.013684 0.028421
2 0.978947 0.622632 0.012632 0.028421
2 0.916316 0.625789 0.013684 0.028421
2 0.908947 0.537368 0.013684 0.028421
2 0.651579 0.702105 0.012632 0.029474
2 0.472632 0.638421 0.016842 0.032632
2 0.426316 0.639474 0.014737 0.030526
2 0.353684 0.640526 0.012632 0.024211
2 0.370526 0.641579 0.016842 0.028421
2 0.348421 0.765263 0.016842 0.033684
2 0.349474 0.795789 0.016842 0.025263
2 0.187368 0.880526 0.014737 0.026316
2 0.252632 0.930526 0.031579 0.016842
2 0.251579 0.950000 0.035789 0.015789
2 0.111053 0.859474 0.028421 0.015789
2 0.109474 0.825789 0.029474 0.015789
2 0.110000 0.843158 0.032632 0.016842
2 0.022632 0.622632 0.030526 0.015789
2 0.018947 0.537895 0.031579 0.012632
2 0.186842 0.844211 0.015789 0.025263
2 0.254737 0.986842 0.031579 0.013684
3 0.386316 0.970000 0.029474 0.013684
3 0.387895 0.986842 0.028421 0.013684
3 0.104737 0.738421 0.024211 0.015789
3 0.025263 0.830526 0.029474 0.014737
3 0.024737 0.744211 0.030526 0.014737
2 0.108421 0.667895 0.029474 0.013684
1 0.021579 0.640526 0.036842 0.017895
1 0.539474 0.639474 0.015789 0.032632
1 0.556316 0.637895 0.015789 0.033684
1 0.176842 0.112632 0.016842 0.035789
2 0.624211 0.177895 0.025263 0.025263
2 0.552632 0.230000 0.018947 0.028421
2 0.497895 0.472632 0.014737 0.029474
3 0.464211 0.474737 0.012632 0.025263
3 0.481053 0.473684 0.016842 0.027368
2 0.486842 0.544211 0.015789 0.031579
3 0.470526 0.543158 0.014737 0.027368
3 0.352632 0.547895 0.012632 0.030526
3 0.322105 0.303684 0.031579 0.011579
3 0.328947 0.336316 0.026316 0.013684
3 0.404211 0.247368 0.029474 0.012632
3 0.444737 0.641053 0.013684 0.033684
3 0.536316 0.544211 0.013684 0.029474
2 0.553158 0.541579 0.015789 0.030526
3 0.639474 0.470526 0.013684 0.031579
3 0.623158 0.471053 0.012632 0.032632
3 0.566842 0.385789 0.013684 0.030526
3 0.653684 0.384737 0.014737 0.028421
3 0.821579 0.540000 0.013684 0.025263
3 0.804737 0.536842 0.013684 0.027368
3 0.788947 0.537895 0.015789 0.029474
3 0.957895 0.536316 0.012632 0.032632
3 0.975789 0.538421 0.012632 0.028421
3 0.992632 0.537368 0.012632 0.026316
3 0.925263 0.534737 0.012632 0.025263
3 0.941579 0.536842 0.013684 0.031579
3 0.873158 0.537895 0.013684 0.029474
3 0.854211 0.536316 0.013684 0.028421
3 0.674737 0.686842 0.012632 0.026316
3 0.666842 0.722632 0.013684 0.026316
3 0.667895 0.761579 0.013684 0.028421
3 0.720526 0.799474 0.013684 0.030526
3 0.844211 0.496842 0.025263 0.012632
3 0.238947 0.171579 0.031579 0.014737
3 0.177368 0.181053 0.017895 0.029474
2 0.021053 0.572105 0.029474 0.013684
