2 0.044737 0.168421 0.034737 0.016842
2 0.045789 0.206316 0.034737 0.012632
2 0.088421 0.280526 0.031579 0.015789
2 0.280000 0.293158 0.023158 0.024211
2 0.218421 0.422632 0.013684 0.030526
2 0.271579 0.417895 0.014737 0.031579
2 0.288947 0.417895 0.017895 0.031579
2 0.344211 0.420000 0.016842 0.031579
2 0.272632 0.506316 0.014737 0.027368
2 0.173684 0.503684 0.012632 0.030526
2 0.047368 0.148947 0.033684 0.013684
2 0.092632 0.212105 0.029474 0.013684
2 0.294211 0.311579 0.026316 0.025263
2 0.375263 0.501053 0.017895 0.033684
2 0.307895 0.504737 0.013684 0.028421
2 0.046316 0.363684 0.025263 0.013684
2 0.363158 0.418421 0.014737 0.028421
2 0.379474 0.418947 0.011579 0.029474
2 0.395789 0.415789 0.012632 0.029474
2 0.393684 0.504737 0.014737 0.032632
2 0.413158 0.503684 0.013684 0.030526
2 0.342105 0.503684 0.014737 0.028421
2 0.960526 0.513684 0.030526 0.014737
2 0.416842 0.716316 0.014737 0.028421
2 0.315263 0.718947 0.011579 0.029474
2 0.295263 0.716842 0.013684 0.031579
2 0.278421 0.716316 0.013684 0.030526
2 0.243684 0.716842 0.013684 0.029474
2 0.192105 0.792105 0.013684 0.032632
2 0.028947 0.721579 0.022105 0.030526
2 0.642105 0.713684 0.014737 0.029474
2 0.776842 0.713684 0.012632 0.033684
2 0.636842 0.789474 0.014737 0.031579
2 0.609474 0.713684 0.012632 0.031579
2 0.530526 0.791579 0.014737 0.029474
2 0.403684 0.788421 0.013684 0.029474
2 0.216842 0.984211 0.029474 0.014737
2 0.152105 0.983158 0.030526 0.012632
2 0.957368 0.564211 0.030526 0.014737
2 0.824737 0.791053 0.013684 0.028421
2 0.782105 0.789474 0.014737 0.025263
2 0.757895 0.713684 0.012632 0.031579
2 0.693158 0.715263 0.015789 0.032632
2 0.657895 0.713684 0.012632 0.031579
2 0.493158 0.787368 0.015789 0.031579
2 0.352632 0.791579 0.012632 0.023158
2 0.223158 0.505263 0.014737 0.029474
2 0.668421 0.788947 0.016842 0.034737
3 0.044737 0.117368 0.030526 0.013684
3 0.044211 0.132632 0.035789 0.014737
3 0.045263 0.223684 0.029474 0.015789
3 0.045789 0.241053 0.032632 0.014737
3 0.046316 0.260000 0.031579 0.016842
3 0.042632 0.291053 0.030526 0.015789
3 0.092105 0.227895 0.028421 0.015789
3 0.089474 0.245263 0.031579 0.012632
3 0.088947 0.262632 0.028421 0.015789
3 0.092105 0.298947 0.034737 0.016842
3 0.086316 0.314211 0.029474 0.013684
3 0.086316 0.366316 0.031579 0.014737
3 0.044211 0.327368 0.027368 0.016842
3 0.045789 0.346842 0.034737 0.013684
3 0.048947 0.384211 0.030526 0.012632
3 0.112105 0.420000 0.020000 0.029474
3 0.252105 0.420526 0.013684 0.028421
3 0.235263 0.424737 0.013684 0.032632
3 0.339474 0.339474 0.030526 0.028421
3 0.413684 0.418421 0.014737 0.030526
3 0.428947 0.415263 0.013684 0.028421
3 0.447895 0.417895 0.015789 0.029474
3 0.451579 0.502105 0.014737 0.031579
3 0.358421 0.505789 0.013684 0.032632
3 0.257368 0.508421 0.013684 0.031579
3 0.290526 0.505789 0.012632 0.030526
3 0.240526 0.506842 0.013684 0.032632
3 0.155789 0.508947 0.012632 0.028421
3 0.200526 0.424737 0.013684 0.032632
3 0.176316 0.363158 0.026316 0.014737
3 0.177895 0.381053 0.031579 0.012632
3 0.176842 0.308947 0.029474 0.013684
3 0.178421 0.275263 0.030526 0.013684
3 0.176842 0.259474 0.027368 0.011579
3 0.178421 0.244211 0.030526 0.012632
3 0.178421 0.225789 0.026316 0.013684
3 0.180000 0.206842 0.027368 0.013684
3 0.178947 0.189474 0.029474 0.014737
3 0.533158 0.026316 0.013684 0.029474
3 0.516316 0.028421 0.013684 0.033684
3 0.498947 0.025789 0.014737 0.028421
3 0.483158 0.025263 0.014737 0.031579
3 0.958947 0.545789 0.029474 0.013684
3 0.241053 0.790526 0.014737 0.031579
3 0.260526 0.790526 0.013684 0.029474
3 0.277895 0.789474 0.014737 0.031579
3 0.292632 0.789474 0.014737 0.027368
3 0.334211 0.788947 0.013684 0.028421
3 0.333158 0.716842 0.015789 0.031579
3 0.350526 0.715263 0.014737 0.030526
3 0.364211 0.716316 0.014737 0.030526
3 0.399474 0.716316 0.013684 0.032632
3 0.502105 0.714737 0.014737 0.029474
3 0.520000 0.715789 0.016842 0.035789
3 0.600000 0.790526 0.012632 0.027368
3 0.547895 0.788947 0.013684 0.028421
3 0.740000 0.714211 0.012632 0.028421
3 0.715789 0.786842 0.014737 0.030526
3 0.734211 0.785263 0.015789 0.029474
3 0.176316 0.791579 0.013684 0.033684
3 0.315789 0.869474 0.033684 0.014737
3 0.177368 0.345789 0.026316 0.013684
3 0.308421 0.422105 0.014737 0.031579
3 0.842105 0.789474 0.012632 0.029474
6 0.695263 0.786842 0.020000 0.038947
1 0.431053 0.505789 0.020000 0.036842
