1 0.044737 0.267895 0.017895 0.034737
1 0.064211 0.267895 0.016842 0.034737
1 0.105263 0.263684 0.016842 0.032632
1 0.188421 0.265789 0.014737 0.036842
1 0.225789 0.260000 0.020000 0.042105
3 0.244211 0.262632 0.014737 0.030526
3 0.186316 0.184211 0.014737 0.031579
3 0.204211 0.188421 0.014737 0.027368
3 0.304737 0.230526 0.028421 0.014737
3 0.205263 0.434211 0.029474 0.015789
3 0.421053 0.476842 0.029474 0.012632
3 0.417895 0.502105 0.029474 0.014737
3 0.528421 0.407368 0.029474 0.014737
3 0.681579 0.383158 0.030526 0.018947
3 0.841053 0.328947 0.033684 0.020000
3 0.149474 0.918421 0.031579 0.015789
3 0.115263 0.923158 0.024211 0.012632
3 0.214737 0.919474 0.029474 0.017895
3 0.181053 0.919474 0.029474 0.015789
3 0.250000 0.924211 0.036842 0.018947
3 0.208947 0.974211 0.017895 0.026316
3 0.229474 0.965789 0.021053 0.028421
3 0.475263 0.973684 0.030526 0.021053
3 0.813684 0.952105 0.025263 0.032632
3 0.768421 0.975263 0.023158 0.026316
3 0.754737 0.984737 0.018947 0.024211
3 0.844737 0.935789 0.026316 0.031579
2 0.862632 0.927368 0.022105 0.029474
3 0.945263 0.872105 0.021053 0.030526
3 0.961579 0.864737 0.017895 0.028421
3 0.976316 0.854737 0.017895 0.023158
3 0.147895 0.264737 0.015789 0.036842
3 0.083158 0.264211 0.016842 0.031579
2 0.265263 0.260000 0.016842 0.031579
2 0.205263 0.266316 0.012632 0.029474
2 0.082632 0.930526 0.026316 0.016842
