2 0.010000 0.158947 0.013684 0.031579
3 0.045789 0.155263 0.011579 0.030526
2 0.150526 0.160000 0.014737 0.029474
2 0.355263 0.155263 0.015789 0.032632
2 0.344211 0.206316 0.033684 0.014737
2 0.405789 0.156316 0.013684 0.030526
2 0.376316 0.880526 0.028421 0.015789
2 0.411053 0.881053 0.030526 0.016842
2 0.336842 0.878421 0.027368 0.015789
2 0.651053 0.929474 0.022105 0.027368
2 0.576842 0.927895 0.023158 0.028421
2 0.745263 0.858947 0.016842 0.033684
2 0.975263 0.857368 0.013684 0.032632
2 0.993158 0.862105 0.011579 0.033684
2 0.885789 0.854211 0.013684 0.030526
2 0.780526 0.857368 0.013684 0.028421
2 0.232632 0.631579 0.027368 0.012632
2 0.531053 0.158947 0.024211 0.023158
2 0.641579 0.258947 0.030526 0.014737
2 0.640000 0.310000 0.033684 0.013684
2 0.890000 0.529474 0.020000 0.031579
2 0.802105 0.542105 0.033684 0.014737
1 0.972105 0.401053 0.015789 0.046316
3 0.097895 0.156842 0.016842 0.033684
3 0.304737 0.271579 0.015789 0.033684
3 0.305263 0.310526 0.014737 0.029474
3 0.264737 0.355263 0.011579 0.032632
3 0.187368 0.462632 0.014737 0.032632
3 0.156842 0.422632 0.027368 0.013684
3 0.297895 0.535789 0.014737 0.033684
3 0.231053 0.593684 0.028421 0.014737
3 0.234211 0.574737 0.028421 0.014737
3 0.237368 0.555789 0.028421 0.014737
3 0.235263 0.544211 0.028421 0.010526
3 0.233684 0.485263 0.029474 0.014737
3 0.321579 0.155263 0.013684 0.028421
3 0.304211 0.155789 0.014737 0.029474
3 0.286842 0.154211 0.013684 0.028421
3 0.268947 0.155789 0.013684 0.029474
3 0.251579 0.155263 0.014737 0.030526
3 0.519474 0.200000 0.032632 0.016842
3 0.486842 0.207895 0.026316 0.015789
3 0.418947 0.206316 0.033684 0.014737
3 0.382632 0.205263 0.026316 0.014737
3 0.313684 0.226842 0.023158 0.026316
3 0.640526 0.276316 0.028421 0.015789
3 0.640000 0.291579 0.029474 0.010526
3 0.639474 0.326316 0.032632 0.012632
3 0.642105 0.344737 0.029474 0.015789
3 0.643158 0.360526 0.031579 0.015789
3 0.698421 0.420000 0.015789 0.027368
3 0.295789 0.470526 0.016842 0.025263
3 0.299474 0.501053 0.013684 0.027368
3 0.045263 0.210000 0.031579 0.011579
3 0.387895 0.155789 0.013684 0.033684
3 0.422105 0.156842 0.014737 0.027368
3 0.239474 0.231053 0.024211 0.026316
3 0.248421 0.454737 0.012632 0.031579
3 0.234211 0.652105 0.032632 0.015789
2 0.297895 0.608947 0.014737 0.030526
3 0.297895 0.569474 0.014737 0.033684
3 0.297895 0.641053 0.014737 0.031579
3 0.296842 0.675789 0.016842 0.035789
2 0.298421 0.760000 0.017895 0.033684
3 0.410526 0.928421 0.035789 0.016842
3 0.517895 0.879474 0.029474 0.013684
3 0.575789 0.855789 0.016842 0.029474
3 0.681053 0.868421 0.014737 0.033684
3 0.714211 0.855789 0.011579 0.027368
3 0.846842 0.918421 0.028421 0.013684
3 0.767368 0.900526 0.027368 0.015789
3 0.630526 0.928947 0.023158 0.028421
3 0.499474 0.926842 0.026316 0.026316
3 0.337895 0.155263 0.014737 0.030526
3 0.725789 0.211579 0.022105 0.027368
3 0.690526 0.154211 0.029474 0.020000
3 0.727895 0.159474 0.034737 0.017895
3 0.796316 0.167368 0.028421 0.016842
3 0.860526 0.187895 0.026316 0.022105
3 0.893684 0.205789 0.029474 0.026316
3 0.926842 0.307895 0.013684 0.030526
3 0.927895 0.336316 0.011579 0.024211
3 0.695789 0.348947 0.014737 0.030526
3 0.697368 0.384211 0.015789 0.031579
3 0.847368 0.538421 0.029474 0.017895
3 0.988421 0.594211 0.014737 0.030526
3 0.831053 0.857368 0.015789 0.026316
3 0.866842 0.856316 0.013684 0.032632
3 0.904211 0.859474 0.014737 0.034737
3 0.921053 0.858421 0.014737 0.032632
3 0.941053 0.858421 0.014737 0.032632
3 0.957895 0.857895 0.014737 0.035789
3 0.523684 0.926842 0.024211 0.026316
3 0.547895 0.928421 0.028421 0.027368
3 0.304211 0.847368 0.023158 0.035789
3 0.232105 0.685789 0.030526 0.013684
2 0.133158 0.158421 0.015789 0.036842
2 0.030000 0.159474 0.015789 0.034737
2 0.463684 0.157368 0.038947 0.017895
2 0.298421 0.795263 0.015789 0.030526
2 0.013684 0.904211 0.025263 0.014737
2 0.729474 0.859474 0.014737 0.032632
2 0.663158 0.859474 0.014737 0.032632
2 0.645263 0.857368 0.014737 0.034737
2 0.480000 0.879474 0.029474 0.015789
3 0.206316 0.466316 0.014737 0.031579
2 0.296842 0.718947 0.016842 0.033684
3 0.233684 0.702632 0.029474 0.013684
3 0.237895 0.734211 0.031579 0.015789
3 0.235263 0.719474 0.028421 0.013684
2 0.697368 0.859474 0.013684 0.034737
3 0.850000 0.858421 0.013684 0.030526
3 0.763684 0.856316 0.015789 0.032632
3 0.988947 0.930000 0.015789 0.028421
3 0.300000 0.390000 0.014737 0.024211
3 0.695263 0.306842 0.013684 0.032632
3 0.941579 0.417368 0.024211 0.032632
3 0.970000 0.476842 0.017895 0.031579
