2 0.158421 0.102632 0.013684 0.028421
2 0.272105 0.212632 0.015789 0.031579
2 0.055789 0.103158 0.014737 0.029474
2 0.073158 0.103158 0.013684 0.029474
2 0.090000 0.102632 0.015789 0.030526
2 0.040526 0.104211 0.015789 0.031579
2 0.036842 0.182105 0.016842 0.029474
2 0.053684 0.181053 0.012632 0.027368
2 0.143684 0.183158 0.015789 0.031579
2 0.117368 0.216842 0.013684 0.029474
2 0.117368 0.268421 0.032632 0.014737
2 0.246316 0.367368 0.014737 0.033684
2 0.123158 0.567368 0.031579 0.014737
2 0.158421 0.566842 0.024211 0.013684
2 0.061579 0.563158 0.013684 0.031579
2 0.079474 0.563684 0.013684 0.034737
2 0.012632 0.563684 0.014737 0.032632
2 0.811053 0.422632 0.028421 0.024211
2 0.811579 0.468421 0.012632 0.031579
2 0.304211 0.298421 0.031579 0.013684
2 0.217895 0.211053 0.014737 0.028421
2 0.254737 0.211053 0.012632 0.030526
2 0.141053 0.102105 0.012632 0.027368
2 0.108421 0.103684 0.014737 0.026316
2 0.125263 0.104737 0.016842 0.026316
2 0.092105 0.180526 0.013684 0.026316
2 0.057368 0.216842 0.015789 0.029474
2 0.040000 0.213158 0.012632 0.028421
2 0.186316 0.211053 0.014737 0.030526
2 0.201579 0.210526 0.013684 0.027368
2 0.776842 0.437895 0.025263 0.021053
2 0.717895 0.666316 0.014737 0.035789
2 0.872632 0.608421 0.014737 0.029474
2 0.960526 0.580000 0.013684 0.031579
2 0.944211 0.578421 0.012632 0.034737
2 0.862632 0.474737 0.011579 0.031579
2 0.898947 0.474211 0.012632 0.032632
2 0.406316 0.545263 0.029474 0.014737
2 0.143158 0.297895 0.012632 0.029474
2 0.126842 0.183158 0.013684 0.025263
3 0.022105 0.104737 0.014737 0.030526
3 0.073158 0.181053 0.013684 0.027368
3 0.161579 0.181579 0.013684 0.026316
3 0.134211 0.216316 0.015789 0.028421
3 0.101053 0.215789 0.014737 0.031579
3 0.084737 0.214211 0.013684 0.026316
3 0.065789 0.268421 0.032632 0.012632
3 0.199474 0.272105 0.024211 0.015789
3 0.022632 0.301053 0.015789 0.033684
3 0.039474 0.300526 0.015789 0.030526
3 0.245789 0.328947 0.015789 0.026316
3 0.304737 0.314737 0.028421 0.014737
3 0.303684 0.344737 0.034737 0.015789
3 0.302632 0.362632 0.030526 0.013684
3 0.246316 0.409474 0.014737 0.033684
3 0.246842 0.442105 0.013684 0.027368
3 0.246842 0.483158 0.015789 0.031579
3 0.304211 0.381053 0.029474 0.016842
3 0.304737 0.395789 0.028421 0.012632
3 0.305263 0.413158 0.027368 0.017895
3 0.303158 0.431579 0.027368 0.014737
3 0.303684 0.445263 0.026316 0.014737
3 0.371579 0.547895 0.031579 0.020000
3 0.228947 0.564737 0.028421 0.017895
3 0.030000 0.563684 0.015789 0.034737
3 0.044737 0.564211 0.013684 0.035789
3 0.028947 0.634211 0.022105 0.028421
3 0.047895 0.633158 0.017895 0.032632
3 0.065263 0.633158 0.016842 0.032632
3 0.084737 0.637368 0.015789 0.030526
3 0.126842 0.636316 0.017895 0.032632
3 0.145263 0.638421 0.018947 0.032632
3 0.271053 0.630526 0.017895 0.035789
3 0.714737 0.751579 0.016842 0.033684
3 0.716842 0.714211 0.016842 0.032632
3 0.639474 0.634737 0.017895 0.033684
3 0.718421 0.627895 0.013684 0.026316
3 0.721579 0.598421 0.015789 0.032632
3 0.723684 0.563684 0.013684 0.030526
3 0.766316 0.503684 0.031579 0.017895
3 0.793684 0.470000 0.016842 0.032632
3 0.915263 0.473158 0.013684 0.034737
3 0.926316 0.573158 0.014737 0.034737
3 0.907895 0.573158 0.011579 0.030526
3 0.890526 0.572105 0.010526 0.032632
3 0.853684 0.668947 0.012632 0.028421
2 0.875789 0.570526 0.012632 0.031579
3 0.793158 0.829474 0.013684 0.031579
3 0.774211 0.828421 0.013684 0.035789
3 0.752632 0.824211 0.014737 0.031579
3 0.819474 0.785789 0.028421 0.017895
3 0.826842 0.833684 0.013684 0.037895
3 0.115789 0.717368 0.014737 0.034737
3 0.118947 0.839474 0.014737 0.030526
3 0.704737 0.419474 0.030526 0.020000
3 0.161053 0.294737 0.014737 0.029474
3 0.024211 0.218421 0.014737 0.034737
1 0.007368 0.108947 0.012632 0.045263
