1 0.624211 0.855789 0.012632 0.035789
1 0.688947 0.948421 0.015789 0.033684
2 0.318421 0.066842 0.028421 0.011579
2 0.315789 0.170000 0.027368 0.013684
2 0.316316 0.185789 0.028421 0.011579
2 0.316842 0.204737 0.027368 0.013684
2 0.316316 0.301579 0.028421 0.011579
2 0.403684 0.309474 0.028421 0.012632
2 0.404737 0.324737 0.026316 0.013684
2 0.153158 0.857895 0.013684 0.031579
2 0.390000 0.854737 0.015789 0.031579
2 0.356316 0.945263 0.015789 0.033684
2 0.303684 0.943684 0.013684 0.032632
2 0.189474 0.857368 0.014737 0.030526
2 0.192105 0.884737 0.028421 0.013684
2 0.072632 0.917368 0.029474 0.015789
2 0.077895 0.943158 0.014737 0.027368
2 0.590000 0.859474 0.015789 0.032632
2 0.638421 0.862105 0.013684 0.029474
2 0.653684 0.857368 0.014737 0.028421
2 0.580000 0.920526 0.031579 0.013684
2 0.705263 0.952105 0.016842 0.032632
2 0.605263 0.944737 0.014737 0.032632
2 0.540000 0.857895 0.012632 0.031579
2 0.506842 0.860000 0.011579 0.029474
2 0.855263 0.861579 0.015789 0.028421
2 0.890526 0.946842 0.014737 0.028421
2 0.915789 0.927368 0.033684 0.016842
2 0.636842 0.919474 0.031579 0.013684
2 0.673158 0.947368 0.013684 0.029474
2 0.704737 0.857895 0.013684 0.029474
2 0.738947 0.858947 0.014737 0.033684
2 0.338947 0.855789 0.012632 0.029474
2 0.137368 0.855263 0.013684 0.032632
2 0.539474 0.947895 0.013684 0.030526
2 0.556316 0.948421 0.013684 0.031579
2 0.405789 0.117895 0.026316 0.012632
2 0.406316 0.023684 0.025263 0.013684
2 0.363158 0.084737 0.010526 0.024211
3 0.317895 0.005789 0.025263 0.009474
3 0.320526 0.020000 0.026316 0.012632
3 0.319474 0.033684 0.028421 0.012632
3 0.318421 0.049474 0.028421 0.014737
3 0.318947 0.082632 0.027368 0.013684
3 0.318947 0.097895 0.027368 0.012632
3 0.320526 0.111579 0.028421 0.012632
2 0.317368 0.133684 0.026316 0.014737
3 0.317895 0.150526 0.029474 0.016842
3 0.317368 0.236316 0.026316 0.011579
3 0.315789 0.250526 0.023158 0.012632
3 0.360000 0.244737 0.012632 0.026316
3 0.360000 0.278947 0.012632 0.029474
3 0.403684 0.278421 0.028421 0.015789
3 0.406842 0.214211 0.028421 0.013684
3 0.405789 0.228421 0.026316 0.012632
3 0.406842 0.199474 0.028421 0.013684
3 0.360526 0.213158 0.013684 0.028421
3 0.360526 0.180526 0.013684 0.026316
3 0.360000 0.152105 0.014737 0.026316
3 0.365263 0.054737 0.014737 0.029474
3 0.406842 0.086842 0.028421 0.013684
3 0.365789 0.020526 0.013684 0.026316
3 0.316316 0.321053 0.028421 0.014737
3 0.313684 0.336316 0.029474 0.015789
3 0.353158 0.369474 0.015789 0.025263
3 0.367368 0.371579 0.012632 0.025263
3 0.316316 0.401579 0.015789 0.024211
3 0.072105 0.856842 0.015789 0.027368
3 0.042632 0.944737 0.013684 0.034737
3 0.025789 0.945789 0.013684 0.026316
3 0.060000 0.945263 0.016842 0.029474
3 0.095789 0.943158 0.012632 0.031579
3 0.211579 0.917368 0.029474 0.013684
3 0.205263 0.941579 0.012632 0.030526
3 0.152105 0.943158 0.013684 0.031579
3 0.318947 0.947368 0.012632 0.033684
3 0.336842 0.946842 0.012632 0.032632
3 0.322105 0.919474 0.027368 0.011579
3 0.353684 0.918421 0.033684 0.013684
3 0.288421 0.941053 0.012632 0.031579
3 0.273684 0.854737 0.010526 0.029474
3 0.289474 0.855263 0.012632 0.026316
3 0.305789 0.857368 0.013684 0.026316
3 0.320526 0.856842 0.013684 0.027368
3 0.355263 0.855263 0.011579 0.026316
3 0.373158 0.855263 0.011579 0.026316
3 0.406316 0.860526 0.012632 0.032632
3 0.103158 0.856316 0.012632 0.028421
3 0.454737 0.947368 0.014737 0.033684
3 0.421053 0.945263 0.014737 0.027368
3 0.405789 0.947368 0.013684 0.029474
3 0.388421 0.945789 0.014737 0.030526
3 0.371579 0.946842 0.014737 0.028421
3 0.521579 0.946842 0.011579 0.034737
3 0.507368 0.945263 0.012632 0.029474
3 0.488947 0.947368 0.013684 0.029474
3 0.500000 0.884211 0.033684 0.014737
3 0.473158 0.858421 0.013684 0.030526
3 0.489474 0.859474 0.014737 0.028421
3 0.672632 0.857895 0.016842 0.031579
3 0.687895 0.860000 0.013684 0.031579
3 0.756316 0.858947 0.015789 0.033684
2 0.772632 0.860526 0.012632 0.032632
3 0.839474 0.863684 0.011579 0.028421
3 0.939474 0.862632 0.015789 0.028421
3 0.873158 0.860000 0.011579 0.027368
3 0.955789 0.862105 0.014737 0.029474
3 0.874211 0.951053 0.013684 0.034737
3 0.824737 0.951053 0.015789 0.034737
3 0.755789 0.948947 0.014737 0.032632
3 0.723684 0.952632 0.015789 0.033684
3 0.711053 0.923158 0.032632 0.016842
3 0.640526 0.948947 0.011579 0.030526
3 0.623158 0.946316 0.014737 0.035789
3 0.590000 0.948421 0.013684 0.033684
3 0.573684 0.948947 0.014737 0.032632
3 0.496316 0.917895 0.030526 0.014737
3 0.463158 0.919474 0.025263 0.015789
3 0.329474 0.882105 0.033684 0.012632
3 0.989474 0.952105 0.014737 0.032632
3 0.924737 0.954737 0.015789 0.035789
3 0.907368 0.947368 0.016842 0.025263
