1 0.508947 0.109474 0.015789 0.042105
1 0.913684 0.113158 0.014737 0.041053
1 0.865789 0.064211 0.034737 0.014737
3 0.386316 0.014211 0.025263 0.011579
3 0.387368 0.031579 0.025263 0.012632
3 0.388947 0.047368 0.028421 0.014737
3 0.385789 0.063158 0.028421 0.012632
3 0.384211 0.078421 0.029474 0.013684
3 0.383158 0.094211 0.031579 0.015789
3 0.385789 0.108421 0.030526 0.012632
3 0.463684 0.045263 0.028421 0.012632
3 0.386842 0.186842 0.028421 0.013684
3 0.387895 0.203158 0.028421 0.012632
3 0.388421 0.218421 0.029474 0.013684
3 0.385789 0.235263 0.026316 0.013684
3 0.386842 0.420000 0.030526 0.014737
3 0.385263 0.535263 0.031579 0.015789
3 0.381579 0.603684 0.028421 0.015789
3 0.463158 0.521579 0.029474 0.013684
3 0.562105 0.514737 0.027368 0.023158
3 0.507368 0.419474 0.016842 0.028421
3 0.447368 0.408947 0.018947 0.024211
3 0.412632 0.333684 0.014737 0.031579
3 0.464737 0.285789 0.028421 0.013684
3 0.465789 0.301053 0.028421 0.012632
3 0.386316 0.284737 0.029474 0.015789
3 0.384737 0.300000 0.028421 0.014737
3 0.507368 0.273684 0.012632 0.029474
3 0.507895 0.303158 0.013684 0.025263
3 0.506316 0.337895 0.012632 0.031579
3 0.465789 0.203158 0.026316 0.012632
3 0.465789 0.218421 0.030526 0.013684
3 0.464737 0.252632 0.028421 0.014737
3 0.912105 0.042105 0.013684 0.027368
3 0.865263 0.124737 0.033684 0.013684
3 0.743684 0.159474 0.030526 0.015789
3 0.963158 0.343158 0.031579 0.014737
3 0.886316 0.346842 0.031579 0.015789
3 0.765263 0.346316 0.029474 0.014737
3 0.944211 0.433158 0.012632 0.026316
3 0.627895 0.970526 0.032632 0.016842
3 0.623684 0.953684 0.030526 0.014737
3 0.625263 0.934737 0.027368 0.012632
3 0.703158 0.903684 0.029474 0.015789
3 0.811053 0.956316 0.032632 0.015789
3 0.498421 0.818947 0.017895 0.035789
3 0.412632 0.868421 0.031579 0.014737
3 0.447368 0.866316 0.033684 0.014737
3 0.476842 0.900000 0.029474 0.012632
3 0.427368 0.901579 0.033684 0.011579
3 0.508947 0.901053 0.028421 0.014737
3 0.543684 0.900526 0.032632 0.013684
3 0.592632 0.900526 0.027368 0.013684
3 0.626316 0.902632 0.029474 0.020000
3 0.314211 0.925789 0.013684 0.028421
3 0.283158 0.926842 0.016842 0.026316
3 0.298421 0.928947 0.013684 0.030526
3 0.264737 0.928947 0.015789 0.030526
3 0.250526 0.930526 0.012632 0.029474
3 0.233158 0.924211 0.013684 0.025263
3 0.216316 0.928421 0.017895 0.029474
3 0.200000 0.925263 0.016842 0.033684
3 0.147368 0.926842 0.014737 0.026316
3 0.130526 0.927368 0.012632 0.027368
2 0.113684 0.927895 0.014737 0.032632
3 0.100000 0.837368 0.012632 0.028421
3 0.115263 0.837368 0.013684 0.030526
3 0.199474 0.838421 0.015789 0.030526
3 0.216316 0.836842 0.015789 0.033684
3 0.233684 0.841579 0.012632 0.030526
3 0.866316 0.096316 0.033684 0.017895
3 0.065789 0.925789 0.015789 0.028421
3 0.081579 0.927368 0.015789 0.029474
3 0.384737 0.553684 0.026316 0.014737
3 0.464211 0.538947 0.029474 0.014737
3 0.465789 0.554211 0.028421 0.015789
3 0.463684 0.568421 0.026316 0.014737
3 0.464211 0.585263 0.027368 0.016842
3 0.466316 0.620526 0.031579 0.011579
3 0.566842 0.148947 0.032632 0.015789
3 0.704211 0.937368 0.025263 0.013684
3 0.701579 0.953158 0.026316 0.015789
3 0.812105 0.888421 0.026316 0.014737
3 0.735789 0.937368 0.025263 0.013684
3 0.737368 0.888421 0.028421 0.014737
3 0.732632 0.851579 0.027368 0.014737
3 0.703684 0.850000 0.026316 0.013684
3 0.811053 0.702105 0.024211 0.014737
3 0.810526 0.716842 0.029474 0.014737
3 0.816842 0.668421 0.027368 0.012632
3 0.814737 0.683158 0.025263 0.012632
3 0.735789 0.686842 0.025263 0.013684
3 0.703158 0.687895 0.029474 0.013684
3 0.702632 0.703158 0.028421 0.012632
3 0.623158 0.688421 0.023158 0.012632
3 0.703684 0.786842 0.028421 0.011579
3 0.702632 0.822632 0.030526 0.015789
3 0.812632 0.940000 0.025263 0.014737
3 0.812105 0.972632 0.030526 0.016842
3 0.153158 0.866316 0.028421 0.014737
3 0.508947 0.066842 0.015789 0.026316
3 0.686316 0.531053 0.027368 0.013684
2 0.464211 0.061579 0.027368 0.011579
2 0.464211 0.076316 0.027368 0.011579
2 0.465789 0.110000 0.030526 0.013684
2 0.510526 0.033158 0.014737 0.028421
2 0.510526 0.149474 0.014737 0.027368
2 0.507368 0.210526 0.016842 0.029474
2 0.506842 0.241579 0.013684 0.028421
2 0.386316 0.267368 0.029474 0.014737
2 0.911053 0.012632 0.011579 0.023158
2 0.383684 0.315789 0.026316 0.014737
2 0.382105 0.518947 0.031579 0.012632
2 0.384211 0.570000 0.029474 0.013684
2 0.424211 0.622105 0.012632 0.029474
2 0.502105 0.676842 0.012632 0.031579
2 0.504737 0.587895 0.013684 0.030526
2 0.736316 0.739474 0.032632 0.015789
2 0.811053 0.736316 0.028421 0.015789
2 0.734737 0.821579 0.029474 0.015789
2 0.736316 0.803684 0.026316 0.013684
2 0.738421 0.787895 0.028421 0.013684
2 0.624737 0.775789 0.026316 0.014737
2 0.377368 0.867895 0.032632 0.015789
2 0.359474 0.901053 0.030526 0.014737
2 0.284211 0.878421 0.031579 0.015789
2 0.250000 0.836842 0.013684 0.029474
2 0.266316 0.841579 0.012632 0.032632
2 0.281053 0.838947 0.012632 0.027368
2 0.298421 0.837895 0.013684 0.031579
2 0.033684 0.837895 0.014737 0.031579
2 0.017368 0.837368 0.015789 0.030526
2 0.047895 0.922632 0.013684 0.032632
2 0.735263 0.670000 0.026316 0.013684
2 0.703684 0.867368 0.028421 0.016842
2 0.481579 0.851579 0.022105 0.023158
2 0.944211 0.470526 0.012632 0.031579
2 0.891579 0.533158 0.025263 0.015789
2 0.808421 0.870000 0.027368 0.015789
2 0.165263 0.837368 0.012632 0.030526
2 0.031579 0.927368 0.016842 0.033684
2 0.386842 0.617895 0.028421 0.014737
2 0.502632 0.554211 0.013684 0.026316
2 0.502632 0.711579 0.013684 0.033684
2 0.738947 0.770000 0.027368 0.013684
2 0.702105 0.920526 0.025263 0.013684
2 0.808421 0.852105 0.025263 0.013684
2 0.702105 0.722105 0.027368 0.014737
3 0.629474 0.531053 0.025263 0.013684
3 0.592105 0.527895 0.024211 0.015789
3 0.623684 0.754737 0.030526 0.016842
3 0.623684 0.736316 0.030526 0.013684
3 0.623158 0.718947 0.029474 0.014737
3 0.624737 0.821053 0.026316 0.014737
3 0.622105 0.799474 0.027368 0.015789
3 0.810000 0.818421 0.026316 0.013684
3 0.811053 0.801053 0.028421 0.014737
3 0.732632 0.917895 0.025263 0.012632
2 0.074211 0.901579 0.032632 0.013684
3 0.502105 0.747368 0.012632 0.027368
3 0.502105 0.778421 0.012632 0.030526
3 0.543684 0.741579 0.015789 0.034737
3 0.790000 0.532105 0.026316 0.015789
3 0.613158 0.571579 0.024211 0.012632
3 0.383158 0.354737 0.029474 0.014737
3 0.384737 0.373158 0.028421 0.011579
2 0.478947 0.392105 0.025263 0.011579
3 0.465263 0.031053 0.025263 0.011579
