2 0.020000 0.183158 0.014737 0.029474
2 0.263158 0.107895 0.012632 0.026316
2 0.278421 0.106316 0.013684 0.029474
2 0.327895 0.107368 0.013684 0.027368
2 0.375263 0.189474 0.013684 0.027368
2 0.431053 0.110000 0.013684 0.026316
2 0.412632 0.108421 0.014737 0.029474
2 0.497895 0.112105 0.014737 0.030526
2 0.513684 0.112105 0.012632 0.028421
2 0.463158 0.108947 0.014737 0.028421
2 0.151053 0.108421 0.011579 0.029474
2 0.166842 0.187368 0.013684 0.029474
2 0.102632 0.107368 0.013684 0.031579
2 0.248947 0.595263 0.013684 0.032632
2 0.017368 0.615263 0.030526 0.017895
2 0.178947 0.678947 0.014737 0.031579
2 0.163684 0.680526 0.013684 0.030526
2 0.692105 0.677368 0.013684 0.032632
2 0.706842 0.680000 0.013684 0.033684
2 0.802105 0.877895 0.029474 0.014737
2 0.428421 0.593684 0.014737 0.031579
2 0.624737 0.677368 0.013684 0.028421
2 0.861053 0.572105 0.027368 0.015789
2 0.574737 0.680526 0.016842 0.026316
2 0.607368 0.680000 0.012632 0.029474
2 0.228947 0.678421 0.013684 0.030526
2 0.245263 0.677368 0.012632 0.028421
2 0.832632 0.541053 0.029474 0.016842
2 0.847368 0.777895 0.014737 0.031579
2 0.847368 0.740000 0.014737 0.029474
2 0.943158 0.609474 0.018947 0.027368
2 0.884211 0.498421 0.014737 0.032632
2 0.438947 0.190526 0.012632 0.027368
3 0.034737 0.109474 0.012632 0.027368
3 0.053158 0.105789 0.013684 0.030526
3 0.069474 0.104211 0.012632 0.027368
3 0.085789 0.104737 0.011579 0.028421
3 0.119474 0.105263 0.011579 0.029474
3 0.134737 0.105263 0.012632 0.027368
3 0.184211 0.106842 0.014737 0.032632
3 0.216842 0.105789 0.012632 0.024211
3 0.232632 0.107368 0.012632 0.029474
3 0.294211 0.106316 0.013684 0.027368
3 0.311579 0.106316 0.012632 0.029474
3 0.344737 0.107368 0.011579 0.029474
3 0.358947 0.105789 0.012632 0.028421
3 0.516842 0.154211 0.010526 0.028421
3 0.087895 0.212105 0.017895 0.024211
3 0.070000 0.213158 0.026316 0.028421
3 0.068421 0.183684 0.012632 0.026316
3 0.083684 0.183158 0.013684 0.025263
3 0.101053 0.184211 0.014737 0.029474
3 0.135789 0.186316 0.014737 0.027368
3 0.152105 0.186842 0.011579 0.028421
3 0.182632 0.186842 0.013684 0.030526
3 0.197368 0.187895 0.011579 0.028421
3 0.213684 0.186316 0.012632 0.029474
3 0.229474 0.187368 0.014737 0.027368
3 0.262105 0.187368 0.012632 0.025263
3 0.277368 0.187368 0.013684 0.027368
3 0.310526 0.187368 0.012632 0.029474
3 0.326316 0.188421 0.014737 0.033684
3 0.342632 0.189474 0.013684 0.031579
3 0.360526 0.188421 0.013684 0.027368
3 0.424211 0.188421 0.012632 0.027368
3 0.524737 0.681579 0.013684 0.030526
3 0.510526 0.680526 0.014737 0.028421
3 0.476316 0.679474 0.013684 0.036842
3 0.460000 0.678947 0.014737 0.033684
3 0.894211 0.796316 0.028421 0.017895
3 0.893684 0.813158 0.029474 0.013684
3 0.894211 0.829474 0.028421 0.014737
3 0.893684 0.846316 0.029474 0.014737
3 0.895789 0.965263 0.033684 0.016842
3 0.850526 0.904211 0.014737 0.031579
3 0.849474 0.842632 0.012632 0.028421
3 0.802632 0.945789 0.028421 0.013684
3 0.850000 0.945789 0.013684 0.030526
3 0.851053 0.980000 0.011579 0.029474
3 0.804211 0.677895 0.014737 0.029474
3 0.787895 0.676316 0.011579 0.030526
3 0.771579 0.679474 0.012632 0.026316
3 0.775263 0.601053 0.013684 0.033684
3 0.865263 0.537895 0.031579 0.016842
3 0.862632 0.554211 0.028421 0.011579
3 0.932632 0.567368 0.023158 0.025263
3 0.861053 0.587895 0.029474 0.013684
3 0.864211 0.604211 0.027368 0.014737
3 0.834211 0.602632 0.028421 0.013684
3 0.836316 0.618947 0.028421 0.014737
3 0.831579 0.587368 0.025263 0.014737
3 0.790000 0.597895 0.013684 0.027368
3 0.756316 0.597895 0.013684 0.033684
3 0.846842 0.705789 0.013684 0.028421
3 0.934211 0.682105 0.013684 0.027368
3 0.344211 0.677895 0.014737 0.033684
3 0.410526 0.676842 0.016842 0.029474
3 0.426842 0.679474 0.013684 0.028421
3 0.443158 0.680000 0.012632 0.029474
3 0.493158 0.679474 0.013684 0.028421
3 0.541579 0.682632 0.015789 0.028421
3 0.558947 0.680526 0.012632 0.028421
3 0.592105 0.680526 0.015789 0.026316
3 0.675789 0.592105 0.012632 0.032632
3 0.692632 0.595789 0.014737 0.029474
3 0.462632 0.594737 0.013684 0.033684
3 0.446316 0.594211 0.014737 0.030526
3 0.215263 0.594211 0.015789 0.028421
3 0.230526 0.594737 0.014737 0.027368
3 0.166842 0.597368 0.013684 0.030526
2 0.117368 0.595263 0.013684 0.028421
2 0.135789 0.597368 0.012632 0.028421
1 0.802632 0.498947 0.015789 0.035789
1 0.197368 0.675263 0.013684 0.034737
2 0.779474 0.231053 0.028421 0.015789
2 0.844737 0.230526 0.030526 0.014737
3 0.801579 0.744211 0.026316 0.014737
3 0.801053 0.760526 0.027368 0.011579
3 0.801579 0.776842 0.028421 0.012632
3 0.801579 0.793158 0.026316 0.013684
3 0.802632 0.809474 0.034737 0.014737
3 0.801053 0.825789 0.031579 0.011579
3 0.802105 0.841053 0.029474 0.014737
3 0.893158 0.931579 0.026316 0.014737
3 0.893158 0.947895 0.028421 0.011579
3 0.801053 0.961053 0.029474 0.012632
3 0.802105 0.978421 0.023158 0.011579
3 0.798947 0.927895 0.025263 0.013684
3 0.800526 0.892632 0.028421 0.014737
3 0.278421 0.677368 0.013684 0.028421
3 0.311053 0.676316 0.011579 0.030526
3 0.328947 0.677368 0.013684 0.032632
3 0.261579 0.678421 0.013684 0.028421
3 0.213684 0.676316 0.014737 0.034737
3 0.937368 0.507895 0.026316 0.022105
3 0.893158 0.778421 0.028421 0.013684
3 0.893684 0.862632 0.029474 0.015789
3 0.894211 0.878947 0.028421 0.014737
3 0.892632 0.729474 0.027368 0.014737
3 0.892632 0.744211 0.031579 0.014737
3 0.894211 0.758947 0.028421 0.014737
3 0.183684 0.598421 0.013684 0.030526
2 0.198947 0.595263 0.014737 0.034737
3 0.958947 0.608421 0.018947 0.027368
3 0.977895 0.606842 0.021053 0.032632
