2 0.548947 0.066316 0.013684 0.027368
2 0.605789 0.065789 0.013684 0.032632
2 0.780526 0.066842 0.013684 0.030526
2 0.713158 0.061579 0.013684 0.028421
2 0.832632 0.071053 0.014737 0.034737
2 0.540526 0.138421 0.011579 0.026316
2 0.540000 0.174211 0.012632 0.028421
2 0.643158 0.127368 0.012632 0.025263
2 0.898947 0.067895 0.027368 0.020000
2 0.801053 0.182632 0.012632 0.032632
2 0.852105 0.267368 0.015789 0.033684
2 0.704211 0.180526 0.012632 0.030526
2 0.611053 0.126316 0.013684 0.029474
2 0.625789 0.176316 0.013684 0.030526
2 0.973684 0.557895 0.029474 0.016842
2 0.897895 0.671053 0.025263 0.026316
2 0.919474 0.738421 0.028421 0.024211
2 0.977368 0.733684 0.030526 0.016842
2 0.886842 0.779474 0.030526 0.015789
2 0.974737 0.750526 0.029474 0.014737
2 0.974737 0.766842 0.029474 0.015789
2 0.882632 0.916842 0.032632 0.014737
2 0.883158 0.898947 0.031579 0.012632
2 0.884211 0.848421 0.029474 0.012632
2 0.707895 0.674737 0.013684 0.029474
2 0.446316 0.643684 0.031579 0.013684
2 0.607895 0.674211 0.015789 0.032632
2 0.826316 0.676842 0.014737 0.031579
2 0.917895 0.760000 0.025263 0.023158
2 0.367368 0.927895 0.012632 0.032632
2 0.393158 0.793158 0.015789 0.030526
2 0.461579 0.670526 0.011579 0.027368
2 0.478947 0.671579 0.014737 0.033684
2 0.427895 0.607368 0.028421 0.014737
2 0.915263 0.452632 0.013684 0.029474
2 0.610526 0.257895 0.012632 0.025263
3 0.567368 0.067895 0.012632 0.030526
2 0.585789 0.064737 0.015789 0.032632
2 0.661579 0.065263 0.013684 0.029474
2 0.773158 0.128421 0.013684 0.027368
3 0.205263 0.602105 0.033684 0.012632
3 0.236316 0.665789 0.015789 0.028421
3 0.173158 0.660000 0.011579 0.025263
3 0.141053 0.660000 0.012632 0.031579
3 0.124211 0.658421 0.014737 0.028421
3 0.106316 0.657368 0.014737 0.028421
3 0.091053 0.655789 0.011579 0.025263
3 0.224211 0.620000 0.029474 0.014737
3 0.273684 0.666316 0.012632 0.029474
3 0.309474 0.664737 0.012632 0.026316
3 0.325789 0.665263 0.013684 0.027368
3 0.342105 0.643684 0.033684 0.015789
3 0.414211 0.670000 0.011579 0.030526
3 0.444211 0.671579 0.014737 0.029474
3 0.396316 0.704737 0.011579 0.026316
3 0.366316 0.604737 0.027368 0.015789
3 0.457368 0.605789 0.026316 0.013684
3 0.534211 0.607895 0.026316 0.013684
3 0.636842 0.610526 0.031579 0.016842
3 0.670000 0.611579 0.030526 0.016842
3 0.703158 0.612632 0.029474 0.016842
3 0.738947 0.613158 0.031579 0.015789
3 0.772632 0.613684 0.033684 0.016842
3 0.675263 0.673684 0.015789 0.031579
3 0.690000 0.673684 0.013684 0.027368
3 0.772105 0.677368 0.015789 0.032632
3 0.756316 0.678421 0.013684 0.028421
3 0.789474 0.675263 0.014737 0.030526
3 0.808947 0.678421 0.013684 0.030526
3 0.723684 0.674737 0.013684 0.027368
3 0.575263 0.671053 0.011579 0.032632
3 0.593158 0.671579 0.013684 0.027368
3 0.558947 0.671579 0.012632 0.027368
3 0.542632 0.671053 0.013684 0.028421
3 0.526316 0.670000 0.014737 0.028421
3 0.511053 0.671579 0.011579 0.029474
3 0.496316 0.673158 0.013684 0.032632
3 0.254737 0.666842 0.014737 0.030526
3 0.169474 0.601579 0.025263 0.013684
3 0.883684 0.830000 0.026316 0.013684
3 0.885263 0.815263 0.029474 0.013684
3 0.974211 0.784737 0.028421 0.015789
3 0.974737 0.817368 0.031579 0.015789
3 0.975263 0.800526 0.026316 0.013684
3 0.928947 0.813158 0.015789 0.030526
3 0.974737 0.832632 0.031579 0.014737
3 0.500526 0.606316 0.028421 0.012632
3 0.917368 0.415789 0.015789 0.033684
3 0.976842 0.425789 0.031579 0.013684
3 0.975789 0.459474 0.027368 0.013684
3 0.977895 0.474211 0.029474 0.013684
3 0.973158 0.492105 0.028421 0.013684
3 0.913158 0.177895 0.017895 0.027368
3 0.852632 0.182105 0.014737 0.027368
3 0.836316 0.180000 0.011579 0.029474
3 0.818947 0.180526 0.014737 0.028421
3 0.785789 0.180000 0.015789 0.027368
3 0.768421 0.178947 0.014737 0.029474
3 0.736316 0.178947 0.013684 0.029474
3 0.721579 0.179474 0.013684 0.030526
3 0.747368 0.264737 0.012632 0.026316
3 0.777895 0.263158 0.014737 0.031579
3 0.793158 0.264211 0.015789 0.027368
2 0.813158 0.261053 0.017895 0.027368
3 0.730000 0.262632 0.015789 0.032632
3 0.712105 0.261579 0.011579 0.030526
3 0.694737 0.261579 0.012632 0.022105
3 0.679474 0.259474 0.015789 0.024211
3 0.662105 0.257895 0.012632 0.025263
3 0.627368 0.258421 0.014737 0.026316
3 0.594211 0.256842 0.015789 0.023158
3 0.577368 0.256842 0.013684 0.023158
3 0.561579 0.254737 0.013684 0.029474
3 0.608421 0.176316 0.014737 0.032632
3 0.651053 0.177368 0.013684 0.030526
3 0.667895 0.177895 0.015789 0.031579
3 0.684737 0.180526 0.015789 0.030526
3 0.587895 0.203158 0.028421 0.023158
3 0.571579 0.176316 0.012632 0.030526
3 0.572105 0.147895 0.011579 0.028421
3 0.538947 0.208947 0.014737 0.030526
3 0.722105 0.222105 0.031579 0.012632
3 0.906316 0.127895 0.025263 0.028421
3 0.854737 0.133684 0.014737 0.029474
3 0.838947 0.133158 0.014737 0.030526
3 0.823158 0.131579 0.016842 0.029474
3 0.804737 0.131579 0.013684 0.029474
3 0.790000 0.130526 0.013684 0.027368
3 0.740000 0.129474 0.012632 0.029474
3 0.723684 0.128421 0.013684 0.027368
2 0.707895 0.126842 0.015789 0.030526
3 0.690000 0.128947 0.013684 0.028421
3 0.673684 0.128421 0.014737 0.029474
3 0.658947 0.127368 0.012632 0.025263
3 0.626842 0.125789 0.011579 0.026316
3 0.646316 0.065263 0.012632 0.029474
3 0.676316 0.065789 0.013684 0.028421
3 0.695263 0.068421 0.015789 0.029474
3 0.744737 0.067368 0.013684 0.027368
3 0.761579 0.066316 0.015789 0.025263
3 0.797368 0.070000 0.013684 0.032632
2 0.978947 0.023684 0.027368 0.015789
3 0.978421 0.040000 0.028421 0.012632
3 0.978947 0.055263 0.027368 0.013684
3 0.977368 0.070526 0.026316 0.014737
3 0.978421 0.086316 0.028421 0.014737
3 0.979474 0.103684 0.028421 0.013684
2 0.978421 0.120526 0.028421 0.011579
3 0.979474 0.151053 0.028421 0.013684
3 0.977368 0.167368 0.026316 0.014737
3 0.978421 0.182632 0.024211 0.011579
3 0.978421 0.198947 0.028421 0.014737
3 0.977895 0.216316 0.029474 0.013684
3 0.918421 0.331053 0.013684 0.028421
3 0.975789 0.250526 0.029474 0.012632
3 0.317368 0.603684 0.030526 0.013684
3 0.976842 0.322105 0.029474 0.012632
3 0.977368 0.336842 0.030526 0.014737
3 0.979474 0.353158 0.032632 0.015789
3 0.977895 0.383684 0.029474 0.013684
3 0.979474 0.405263 0.030526 0.014737
