3 0.127895 0.158421 0.032632 0.013684
3 0.098421 0.127895 0.030526 0.015789
3 0.071579 0.183158 0.012632 0.033684
3 0.040000 0.181053 0.012632 0.029474
3 0.023158 0.180526 0.012632 0.026316
3 0.054737 0.183158 0.014737 0.027368
3 0.086842 0.182632 0.013684 0.030526
3 0.102632 0.185263 0.013684 0.029474
3 0.120526 0.184737 0.011579 0.026316
3 0.136842 0.183684 0.012632 0.024211
3 0.170000 0.183158 0.013684 0.025263
3 0.078421 0.100000 0.013684 0.027368
3 0.239474 0.104737 0.015789 0.030526
3 0.354737 0.111053 0.012632 0.034737
3 0.401053 0.113158 0.010526 0.028421
3 0.416842 0.107368 0.014737 0.031579
3 0.512632 0.109474 0.012632 0.031579
3 0.424211 0.166316 0.033684 0.014737
3 0.464737 0.166842 0.032632 0.015789
3 0.672105 0.195263 0.013684 0.032632
3 0.641053 0.114211 0.014737 0.028421
3 0.593158 0.114737 0.013684 0.029474
3 0.609474 0.113684 0.014737 0.029474
3 0.624737 0.114211 0.013684 0.024211
3 0.750000 0.118947 0.013684 0.033684
3 0.781579 0.117368 0.013684 0.032632
3 0.824211 0.197368 0.025263 0.028421
3 0.761053 0.198421 0.025263 0.030526
3 0.775263 0.233684 0.015789 0.033684
3 0.771579 0.526316 0.012632 0.033684
3 0.807368 0.858421 0.021053 0.034737
3 0.243684 0.975263 0.020000 0.028421
3 0.284737 0.977368 0.020000 0.030526
3 0.909474 0.555263 0.031579 0.015789
3 0.561053 0.112105 0.014737 0.032632
3 0.464211 0.110000 0.012632 0.026316
3 0.529474 0.110000 0.012632 0.026316
3 0.545789 0.113684 0.013684 0.029474
3 0.524211 0.136316 0.033684 0.013684
3 0.465789 0.135263 0.030526 0.013684
3 0.417895 0.134211 0.029474 0.015789
3 0.306842 0.105263 0.013684 0.029474
3 0.225789 0.161053 0.028421 0.014737
3 0.191053 0.158947 0.028421 0.014737
3 0.793158 0.142105 0.026316 0.014737
3 0.937895 0.366316 0.012632 0.031579
3 0.921053 0.597368 0.016842 0.032632
3 0.771053 0.603684 0.011579 0.028421
3 0.772105 0.562632 0.015789 0.030526
3 0.772105 0.462105 0.015789 0.031579
3 0.819474 0.462105 0.022105 0.023158
3 0.806316 0.487368 0.014737 0.029474
3 0.906316 0.479474 0.014737 0.030526
3 0.923684 0.480000 0.013684 0.029474
3 0.940000 0.480000 0.014737 0.031579
3 0.953684 0.480526 0.012632 0.026316
3 0.956316 0.398421 0.013684 0.030526
3 0.972105 0.398421 0.013684 0.028421
3 0.987895 0.400526 0.013684 0.030526
3 0.905789 0.396842 0.011579 0.025263
3 0.674211 0.116842 0.013684 0.027368
3 0.671053 0.142105 0.026316 0.014737
3 0.711579 0.173158 0.029474 0.015789
3 0.512105 0.192105 0.013684 0.026316
3 0.366842 0.189474 0.013684 0.031579
3 0.336316 0.186316 0.011579 0.025263
3 0.286316 0.187368 0.014737 0.025263
3 0.301579 0.186316 0.015789 0.027368
3 0.153684 0.184211 0.012632 0.029474
3 0.925789 0.206842 0.013684 0.030526
3 0.892632 0.287895 0.014737 0.032632
3 0.828421 0.301579 0.029474 0.022105
3 0.806842 0.365789 0.013684 0.030526
3 0.972632 0.293158 0.012632 0.028421
3 0.954211 0.291579 0.011579 0.027368
3 0.888947 0.595263 0.013684 0.028421
3 0.970000 0.597895 0.013684 0.029474
3 0.303158 0.975789 0.018947 0.027368
3 0.407895 0.981579 0.024211 0.028421
3 0.387368 0.982632 0.023158 0.028421
3 0.472105 0.982105 0.022105 0.029474
3 0.590526 0.195789 0.014737 0.027368
3 0.338421 0.110000 0.013684 0.030526
3 0.863684 0.200526 0.013684 0.024211
3 0.878421 0.205263 0.013684 0.027368
3 0.774211 0.268947 0.017895 0.030526
3 0.730526 0.141579 0.027368 0.013684
3 0.824737 0.141579 0.028421 0.013684
3 0.796316 0.116316 0.011579 0.030526
3 0.812105 0.116316 0.013684 0.030526
3 0.575789 0.196842 0.012632 0.029474
3 0.558421 0.195263 0.017895 0.030526
3 0.462632 0.190526 0.015789 0.025263
3 0.447368 0.192632 0.016842 0.029474
3 0.431053 0.191053 0.013684 0.028421
3 0.415789 0.188947 0.014737 0.030526
3 0.398421 0.186842 0.015789 0.026316
3 0.319474 0.187895 0.013684 0.028421
3 0.269474 0.187368 0.012632 0.025263
3 0.207895 0.182632 0.011579 0.028421
3 0.038421 0.125789 0.026316 0.011579
3 0.538947 0.982105 0.018947 0.029474
3 0.450000 0.983158 0.022105 0.027368
1 0.832632 0.532105 0.031579 0.020000
2 0.691053 0.116842 0.013684 0.027368
2 0.928947 0.123158 0.013684 0.027368
2 0.026842 0.101053 0.013684 0.031579
2 0.045263 0.100000 0.012632 0.029474
2 0.096842 0.100526 0.012632 0.030526
2 0.142632 0.101053 0.013684 0.027368
2 0.111053 0.101579 0.013684 0.026316
2 0.254737 0.187895 0.014737 0.028421
2 0.222105 0.184211 0.012632 0.027368
2 0.238421 0.186842 0.013684 0.030526
3 0.528421 0.188421 0.014737 0.027368
2 0.478421 0.193158 0.013684 0.028421
2 0.322105 0.107895 0.012632 0.028421
3 0.273684 0.104211 0.012632 0.027368
3 0.290526 0.105263 0.012632 0.027368
2 0.225263 0.106316 0.012632 0.027368
2 0.208421 0.105789 0.014737 0.030526
2 0.894737 0.149474 0.029474 0.014737
2 0.774211 0.309474 0.015789 0.031579
2 0.807895 0.430526 0.028421 0.016842
2 0.826842 0.413684 0.026316 0.023158
2 0.807895 0.521053 0.013684 0.033684
2 0.888947 0.631053 0.013684 0.030526
2 0.854737 0.630526 0.014737 0.027368
2 0.971579 0.632105 0.014737 0.032632
2 0.856316 0.403158 0.011579 0.027368
2 0.890000 0.395789 0.013684 0.025263
2 0.975789 0.328947 0.027368 0.013684
2 0.857895 0.364737 0.012632 0.028421
3 0.857895 0.281579 0.014737 0.026316
3 0.875263 0.285789 0.013684 0.026316
3 0.826842 0.344737 0.024211 0.017895
3 0.806842 0.243684 0.013684 0.030526
3 0.807368 0.276316 0.014737 0.028421
2 0.481053 0.110526 0.012632 0.029474
2 0.448947 0.111053 0.011579 0.028421
3 0.385263 0.110526 0.014737 0.029474
3 0.765789 0.114737 0.013684 0.029474
2 0.960526 0.205263 0.013684 0.027368
3 0.977368 0.206316 0.013684 0.027368
3 0.922632 0.628421 0.013684 0.027368
3 0.905263 0.630526 0.012632 0.031579
3 0.853684 0.589474 0.012632 0.029474
3 0.870526 0.594737 0.014737 0.027368
2 0.905263 0.596316 0.012632 0.030526
3 0.820526 0.572105 0.024211 0.017895
3 0.947895 0.439474 0.028421 0.013684
3 0.889474 0.364211 0.012632 0.029474
3 0.904737 0.363158 0.013684 0.025263
3 0.921053 0.364737 0.014737 0.030526
3 0.955263 0.365789 0.013684 0.030526
3 0.970000 0.368421 0.015789 0.025263
3 0.987368 0.370000 0.012632 0.024211
2 0.988421 0.293684 0.014737 0.029474
2 0.908947 0.291579 0.013684 0.031579
2 0.926316 0.292105 0.016842 0.030526
3 0.921053 0.512105 0.014737 0.028421
3 0.906842 0.512632 0.013684 0.027368
3 0.937895 0.594737 0.014737 0.033684
3 0.557368 0.982632 0.020000 0.028421
3 0.690000 0.195789 0.013684 0.029474
